code,open,high,low,close,volume,거래대금,등락률,시가총액,foreign_net,inst_net,date
060310,1766,1785,1759,1770,97861,172883136,0.23,93914500800,11118330.0,0.0,20251031
054620,4180,4180,4055,4060,40702,166618345,-2.64,80770537260,-9924180.0,,20251031
265520,20100,20150,19770,19900,150621,2994994650,-1.0,299511337900,262034700.0,-398570040.0,20251031
211270,12520,12650,12270,12460,56858,709158115,0.08,187925507840,-186347970.0,216307840.0,20251031
139050,0,0,0,2805,0,0,0.0,24247965555,,,20251031
126600,2895,2920,2845,2860,92132,264341130,-1.21,179513331140,-15124135.0,-4045.0,20251031
083790,1529,1529,1468,1497,107241,160972482,-2.16,115110590454,-9791744.0,,20251031
035760,70000,71300,69900,70200,39943,2810939300,1.01,1539426610800,-370035700.0,336916800.0,20251031
311690,9130,9290,9080,9160,11356,103767840,0.33,119679631920,-7812890.0,41860.0,20251031
051500,25600,25600,24850,25000,23016,577237350,-1.38,296789650000,111972475.0,-187197075.0,20251031
058820,1794,1818,1787,1805,206012,370798262,0.61,266855140315,10069334.0,2735154.0,20251031
056730,674,674,640,662,38047,24827191,-1.05,49061605132,-1350631.0,42867.0,20251031
065770,929,955,911,936,176285,164806332,2.74,18168817680,44463860.0,1881194.0,20251031
083660,754,863,749,786,2908818,2351843467,4.24,48140284266,35873490.0,,20251031
477760,2080,2095,2070,2095,6407,13404315,0.72,12234800000,-250575.0,298155.0,20251031
099520,0,0,0,1284,0,0,0.0,58141862016,,,20251031
060900,1349,1421,1301,1399,118330,164212297,2.87,41845116866,19520553.0,,20251031
290120,2240,2320,2205,2285,22407,50790037,1.11,36158408965,136570.0,,20251031
025440,818,833,809,827,92640,75913372,1.72,40342072248,-7451673.0,,20251031
068790,0,0,0,6330,0,0,0.0,149939488590,,,20251031
241520,7060,7500,6980,7370,580555,4221681435,4.69,198990000000,455842665.0,,20251031
180400,1956,2030,1921,1971,168833,334029685,0.56,97011500472,48099142.0,,20251031
418620,2275,2910,2275,2505,3086074,8181254323,9.39,32190444885,25398252.0,590850.0,20251031
245620,0,0,0,415,0,0,0.0,57474989665,,,20251031
037370,6060,6130,5980,6010,52126,314129670,-0.83,51836081720,7920910.0,-8920.0,20251031
050120,2820,3045,2800,2850,32556,94306947,0.71,38657645100,12709017.0,,20251031
214270,1954,2035,1918,2010,148198,295457608,2.03,87818827590,-25942437.0,-107760.0,20251031
130500,2495,2495,2445,2475,29731,73213660,-0.6,35999003700,-3255345.0,30.0,20251031
900290,2795,2835,2755,2800,163568,455416343,0.18,226380000000,25426879.0,0.0,20251031
083450,25350,25800,24950,25800,186305,4752442575,0.78,475494000000,231603025.0,531633550.0,20251031
297890,2530,2595,2530,2550,291363,747512821,-0.58,186509330700,-114636501.0,,20251031
440290,2180,2180,2130,2135,106054,228049445,-0.93,57873466350,-32236762.0,,20251031
078150,1938,1990,1920,1987,985211,1928926119,2.48,184226525092,403160536.0,,20251031
225530,2825,2865,2785,2825,22165,62477882,-0.53,102656903775,-8739377.0,40.0,20251031
060560,686,702,640,700,437572,300567180,2.04,89368667500,7983861.0,,20251031
195940,49150,49900,48500,49400,197338,9755129400,1.23,1399496615400,-389865900.0,526129025.0,20251031
028300,49450,49550,48050,48600,497800,24350647400,-0.82,6388667218800,-6123355600.0,3828140850.0,20251031
278650,1293,1302,1216,1230,776120,971352132,-4.87,107016812970,-119544067.0,-2.0,20251031
067630,4170,4345,4085,4200,469080,1983983376,1.2,512051643600,-34777128.0,193165.0,20251031
024850,1889,1900,1850,1864,212604,396513722,-1.27,269415312768,-120852358.0,,20251031
187420,3085,3100,3045,3070,26037,79973135,-0.49,89447157740,-13591770.0,-425.0,20251031
047920,15640,15900,15350,15370,115797,1792939490,-1.41,504126101720,-141058970.0,-82651380.0,20251031
115450,3400,3440,3320,3335,295780,1002376315,-1.77,281414847105,-15985140.0,87817160.0,20251031
046210,1690,1730,1680,1687,87853,149568629,-0.18,76128773266,-10301273.0,-9594440.0,20251031
196300,7000,7000,6520,6700,16877,111462040,0.15,62265766600,-7286865.0,11048730.0,20251031
403870,34400,34900,34200,34600,639788,22053265975,-1.56,2889050452800,3144922025.0,-2097909175.0,20251031
036640,5190,5190,5120,5180,63629,327523415,-0.19,84717864000,-120028995.0,-18275240.0,20251031
442770,0,0,0,1862,0,0,0.0,7839020000,,,20251031
448760,4050,4370,3805,4145,1722784,7069044126,-0.72,18362350000,-31287001.0,-4160.0,20251031
467930,2230,2245,2215,2220,10839,24044720,-0.45,9390600000,-361450.0,-11497380.0,20251031
469480,2200,2215,2200,2205,8432,18592968,0.0,9327150000,-559969.0,-16069744.0,20251031
095340,79500,80400,78600,79700,92500,7325170700,-0.25,1689405522600,-766617450.0,1087510100.0,20251031
950170,6020,6120,5810,5820,162117,963757610,-4.9,301163745360,-235595790.0,-11675655.0,20251031
067290,1381,1430,1377,1391,92904,130333417,0.43,74246191266,19050645.0,,20251031
035900,81600,82300,80300,80900,503946,40848890900,-0.37,2874578602800,3764152700.0,1457450250.0,20251031
318000,5200,5290,5180,5220,54036,282528175,-0.38,45623964060,16379345.0,,20251031
024840,1887,1923,1841,1868,858816,1619508003,-0.95,65210383732,-51570101.0,,20251031
024120,3500,3525,3470,3500,21303,74484985,0.0,40250000000,10271937.0,-1265.0,20251031
455250,2100,2100,2090,2100,7892,16515595,0.0,9040500000,29260.0,11342430.0,20251031
464680,2065,2065,2060,2062,4688,9680145,-0.15,26610110000,0.0,0.0,20251031
478390,2065,2075,2060,2075,7083,14677100,0.48,12906500000,28610.0,10456850.0,20251031
486630,2035,2045,2035,2040,1336,2722795,0.25,10832400000,-273360.0,0.0,20251031
492220,2005,2005,2000,2005,16845,33702055,0.25,12451050000,0.0,-32012045.0,20251031
0037T0,2000,2000,1998,2000,13346,26688749,0.05,12660000000,-27972.0,15659770.0,20251031
0072Z0,1982,1982,1979,1982,57125,113133808,0.0,15628070000,1626770.0,-4526465.0,20251031
021320,4795,4855,4720,4780,12674,60593680,-0.31,102292000000,-49185.0,-9730190.0,20251031
044180,580,755,578,755,12009896,8866088555,29.95,20171938245,92585195.0,7000.0,20251031
046440,4940,4980,4905,4940,71237,351147806,0.0,187773361880,-101317895.0,39555.0,20251031
151860,5690,5730,5600,5670,168521,954070600,-0.35,269909021340,-192521680.0,-10393310.0,20251031
035600,10260,10300,10140,10270,130900,1334323815,-0.1,282984037180,-379753095.0,-574330.0,20251031
226360,0,0,0,2555,0,0,0.0,67617390260,,,20251031
111870,0,0,0,8910,0,0,0.0,62746456410,,,20251031
060720,12370,12640,12310,12550,133734,1660078555,1.54,297151897100,28839815.0,-36612605.0,20251031
058400,700,701,695,699,65553,45789482,0.0,92568374280,,,20251031
101000,1005,1010,959,968,2238510,2187348866,-3.49,32376504336,-306974663.0,,20251031
089600,13220,13390,13190,13290,10396,138179965,0.91,153740886270,15565290.0,-19164680.0,20251031
418470,13010,13240,12950,13070,6707,87532750,0.54,111928722230,13265580.0,-8633840.0,20251031
043610,1885,1890,1869,1888,41206,77433050,0.16,109721946944,-2171998.0,-606484.0,20251031
122450,3800,3860,3785,3815,22450,85385604,0.0,170987666710,-16900204.0,-13616705.0,20251031
052900,987,1000,970,972,146718,143113721,-0.92,53564506524,13376943.0,545907.0,20251031
036560,15090,15120,14950,15050,3303,49691030,0.4,237037500000,-23391840.0,10.0,20251031
061970,5060,5120,4950,4970,344358,1719112494,-2.93,288672539820,291089435.0,-128593911.0,20251031
309960,5050,5100,4990,5100,57218,287350780,0.0,118407918900,-92288125.0,,20251031
225190,1878,2005,1767,1770,6228495,11728618077,-8.29,89824738800,231095323.0,,20251031
060370,28450,29700,27700,28900,1072340,31028222900,1.58,1509702880600,-677141275.0,1050987625.0,20251031
417200,12220,13770,12220,13400,4340983,57381592445,11.3,906545630600,4874691760.0,4427580035.0,20251031
078020,5580,5580,5320,5490,111321,608326565,0.73,304591733100,-30245460.0,-20013680.0,20251031
322180,5400,5950,5370,5800,713340,4113992630,9.64,121347507200,941709250.0,-155817170.0,20251031
476080,9690,9950,9600,9700,59577,579051050,-0.41,75514500000,103187510.0,-2349470.0,20251031
086960,1468,1578,1430,1535,24349243,37138013800,10.59,142481444580,3177020026.0,-4.0,20251031
160550,2180,2180,2120,2155,102420,218877667,-0.46,60137658430,40748459.0,0.0,20251031
053290,2005,2055,1963,1964,35786,70831630,-1.31,32457666948,-25883925.0,1986.0,20251031
060250,16030,16250,15860,15930,341806,5465797140,-0.99,639758533230,72690115.0,309906675.0,20251031
104200,2910,2910,2830,2855,68611,195044905,-1.21,42332655250,28409580.0,45.0,20251031
063570,4165,4180,4090,4125,89265,367402266,-0.96,140859378000,-58565466.0,-33768835.0,20251031
222160,0,0,0,8040,0,0,0.0,79551289560,,,20251031
024940,5100,5270,4975,5170,92843,476532545,3.5,51700000000,-9812840.0,,20251031
332570,5540,5650,5460,5530,1004351,5559642390,1.47,242157184780,-148659915.0,29711660.0,20251031
218410,34850,35400,33400,33400,453068,15473406400,-6.57,885214962800,-71997400.0,172348050.0,20251031
327260,18240,18240,16220,16850,533368,9011547940,-6.39,142099942350,2290256135.0,-1800292480.0,20251031
474610,4700,4700,4570,4610,170293,784829112,-2.12,61902259420,-144074365.0,30550235.0,20251031
091340,2330,2330,2290,2315,22205,51173965,-0.86,27094114115,-5495855.0,,20251031
419530,54600,59000,54000,57000,178500,10237431200,2.52,554867355000,237278950.0,1152233650.0,20251031
019550,689,693,682,683,348772,239323361,-0.87,110691470725,-209242.0,-47946.0,20251031
246960,2445,2520,2445,2485,28334,70413360,1.64,84421192835,-8997575.0,-973290.0,20251031
099220,1143,1146,1120,1123,313911,354116774,-1.75,72932505050,-65765604.0,,20251031
036540,4320,4335,4245,4275,487945,2083900957,-0.47,703067795325,-75941383.0,135790485.0,20251031
255220,2270,2295,2220,2235,818032,1842647525,-1.76,220539505590,-303663038.0,,20251031
040610,1868,1869,1800,1846,79426,146460531,-1.23,62924963816,-3379668.0,-31724038.0,20251031
184230,684,732,680,716,641844,455910631,5.45,61482932888,58470477.0,37759263.0,20251031
016250,13800,13800,12930,13010,5738,75220990,-2.47,65531187860,3253450.0,-20578180.0,20251031
357880,1906,1936,1850,1928,373964,710659112,1.63,68513816736,188793684.0,,20251031
048550,1330,1354,1324,1326,501056,669283910,-0.3,128243586120,84353483.0,-2819076.0,20251031
063440,1652,1736,1652,1700,365732,624827232,2.97,78249561800,19309541.0,,20251031
067160,73500,76300,72300,72700,173048,12802080050,2.97,835669560900,-2076007400.0,1660142850.0,20251031
289080,1656,1674,1651,1663,121763,202123383,0.48,90128403662,-1907442.0,0.0,20251031
013720,829,829,809,818,99034,80879979,-1.33,49757420974,-11250582.0,,20251031
089230,1048,1100,1000,1072,126332,131682406,2.29,26921085616,14512784.0,,20251031
032540,5780,5780,5660,5690,13709,78213810,-1.56,79270855210,1999340.0,-10791750.0,20251031
048770,2145,2220,2120,2210,76557,166347211,3.76,34692560110,26720212.0,,20251031
246690,1509,1546,1475,1512,596801,902832104,0.53,62714527344,101233515.0,,20251031
317240,199,202,198,199,1041307,207930780,0.51,23045794388,12921339.0,,20251031
057030,3115,3125,3070,3100,31228,96339970,-0.32,50569360700,-24820150.0,,20251031
040300,2715,2745,2710,2720,27230,74092805,0.0,129681385600,1144815.0,,20251031
051390,3920,3965,3900,3965,7302,28587670,0.76,45024034120,35025.0,-8461635.0,20251031
052220,3210,3225,3145,3145,123088,389751255,-2.02,72335000000,-10570435.0,,20251031
079940,28300,28550,27100,27100,45102,1244102050,-5.41,366817036400,-279297675.0,30234900.0,20251031
078890,4235,4300,4080,4170,122146,514607102,-0.36,75255456240,-23842830.0,-30.0,20251031
399720,54000,54000,52100,53200,96267,5089589450,-1.85,617142344000,689243300.0,-409682000.0,20251031
036620,5260,5280,5050,5070,784940,4068666450,-3.61,458854118970,-475133405.0,-170356750.0,20251031
198440,1117,1122,1105,1108,47740,53002772,-0.81,67512540768,325885.0,,20251031
217730,1415,1471,1415,1442,277329,401937784,1.34,135626082858,95915040.0,,20251031
114190,16510,16900,16010,16060,1831963,30025887705,-1.77,419535990280,-1595353710.0,102794065.0,20251031
094480,9130,9630,9080,9470,252583,2369234825,3.72,371506565860,387496900.0,1022440.0,20251031
039240,2855,2900,2830,2880,117867,337976280,0.88,77701259520,6480720.0,-2829665.0,20251031
053950,881,969,754,790,16426872,13939730533,-9.3,61736412820,-339996420.0,-1446523.0,20251031
011040,5810,5810,5670,5680,22540,128329400,-0.7,174766590880,-15127700.0,4478440.0,20251031
024910,1512,1554,1500,1515,91328,138762673,0.2,54265792575,661920.0,,20251031
049720,10440,10530,10340,10450,89576,934356090,0.1,149435000000,-16842040.0,-238204360.0,20251031
014570,4230,4230,4190,4200,6097,25681665,-0.71,46200000000,51070.0,,20251031
348150,4845,5050,4845,5030,103466,514216732,2.97,97677011670,5089678.0,,20251031
950190,8160,8250,8100,8190,11789,96383470,0.37,106609713210,-14894710.0,-729350.0,20251031
098460,16590,16940,16230,16700,1750220,29191044100,2.58,1146534408500,-72556515.0,829069115.0,20251031
035290,384,384,370,370,201310,74845124,-1.07,17640297600,-11498085.0,,20251031
215000,59800,60000,59400,59400,9378,558448450,-0.34,372759651000,-219040800.0,6665400.0,20251031
121440,5150,5320,5070,5300,106514,557594180,3.31,227035135400,17625960.0,-39039840.0,20251031
366030,5070,5090,4865,4885,243782,1213515079,-4.22,110664057250,-267510274.0,,20251031
014200,0,0,0,6040,0,0,0.0,91311391200,,,20251031
029480,2280,2345,2250,2270,401641,915738532,-2.16,138126199420,-61702666.0,,20251031
026910,2725,2725,2610,2610,10577,28367275,-4.4,16718107050,-2896985.0,,20251031
456490,2240,2250,2200,2240,10067,22410005,0.0,9408000000,587325.0,0.0,20251031
465320,0,0,0,2335,0,0,0.0,8896350000,,,20251031
482520,2065,2070,2060,2070,9828,20299532,0.24,12627000000,-245985.0,0.0,20251031
489210,2075,2085,2060,2085,7989,16622550,0.48,10800300000,18510.0,1378140.0,20251031
0041B0,2040,2055,2040,2055,17066,34979383,0.24,10357200000,455625.0,250710.0,20251031
053270,2165,2230,2155,2230,149573,329484209,3.0,61125203150,10374150.0,11709115.0,20251031
066620,20150,20400,19950,20300,7479,150893610,1.5,152250000000,84804460.0,-9218300.0,20251031
043650,4200,4240,4170,4210,21425,90157075,0.24,75183459840,-19207900.0,-1115465.0,20251031
006050,1290,1331,1283,1289,73797,95345828,-0.08,44979968227,-5199674.0,,20251031
060480,1684,1684,1644,1671,16040,26606441,0.36,18531390000,-174999.0,,20251031
078130,391,392,379,381,1579890,606792128,-2.56,429541636851,-110461737.0,2694.0,20251031
307750,3570,3660,3545,3620,61098,220465210,1.4,181638495600,44970060.0,0.0,20251031
035080,13360,13360,12750,12750,16276,209930090,-2.67,174376624500,-7002270.0,-31033260.0,20251031
318060,11160,12300,10980,12300,891012,10647261435,10.22,135961457100,-189254945.0,453576465.0,20251031
453450,18220,18290,17830,17950,25872,464774180,-2.5,142572362500,-143713770.0,-197690.0,20251031
204020,2200,2220,2150,2220,86106,188500600,0.45,43180847040,7320060.0,,20251031
402490,8000,8340,7950,8120,133338,1088717655,1.37,134458170560,110268660.0,,20251031
114450,2730,3085,2520,3085,4376379,12687006963,29.89,61700000000,-382374876.0,-3085.0,20251031
186230,5630,5740,5570,5670,54450,307457620,0.0,61917465960,32715140.0,5720.0,20251031
900070,441,442,421,433,281575,121360042,-2.04,23271138144,-13211.0,,20251031
204620,5620,5820,5580,5640,765457,4351657250,0.36,396397981200,365865975.0,-218367350.0,20251031
019660,3030,3200,2945,3000,22936,69370750,-0.17,41832999000,-16917580.0,,20251031
053260,4165,4210,4115,4115,27516,114050692,-1.2,77032800000,-10214160.0,5.0,20251031
282720,13660,14220,13360,13920,117366,1626203165,3.34,168703440000,-147842205.0,587342430.0,20251031
036190,31200,31800,31200,31800,7780,246242600,0.79,190800000000,-35756300.0,24719850.0,20251031
049080,518,529,508,526,618755,320220102,1.54,44648640522,-24334710.0,,20251031
420770,34800,34800,33800,34600,24577,842753050,-0.14,438581226800,-203770750.0,142829175.0,20251031
035460,1765,1789,1744,1775,36394,63893270,0.57,25874778500,-4690059.0,,20251031
407400,5000,5060,4955,4960,83470,416701820,-1.78,72587288640,-45181385.0,,20251031
187790,1930,1938,1870,1929,182537,348520262,-0.05,59491961070,20760107.0,28907926.0,20251031
121600,65800,68300,65600,65900,105638,7055780400,-3.51,804717486900,379363550.0,208196450.0,20251031
286750,1789,1819,1770,1781,144529,257973180,-1.44,48551278204,9737534.0,,20251031
247660,4460,4490,4300,4415,14713,64533482,-1.01,19178406800,-3859547.0,,20251031
039860,3095,3180,3095,3115,105147,328563415,-0.32,118659860095,33057790.0,3140.0,20251031
091970,892,1070,820,873,8192832,7929935788,-2.57,32665471389,1665071.0,0.0,20251031
417010,5510,5510,4950,4980,57106,293516800,0.91,100460185440,-105186340.0,,20251031
405920,2435,2790,2425,2440,146096,378904502,0.21,31422505440,-6077306.0,,20251031
051490,4225,4265,4150,4265,73780,311448529,0.95,60563000000,-64331396.0,0.0,20251031
137080,3275,3360,3195,3195,12148,39890585,-2.44,35334853290,-5436400.0,50.0,20251031
190510,16760,17010,16630,16880,58140,981517000,0.72,241972690000,294738045.0,52711940.0,20251031
242040,1366,1384,1363,1366,210516,289105435,-0.22,47272156624,82036650.0,2475271.0,20251031
293580,1180,1185,1166,1180,369404,433970022,0.0,112017341000,-13641588.0,46519.0,20251031
459510,22800,23150,22100,22650,558280,12650272700,3.9,292499427300,-120651650.0,272052750.0,20251031
138610,39200,41150,38450,40350,262194,10508768800,3.86,458341177950,604652175.0,-66365975.0,20251031
130580,5540,5580,5470,5530,6333,34954490,-0.18,85162000000,-2205620.0,3089850.0,20251031
036800,22350,23000,22200,22850,13839,314298275,1.56,228500000000,-731850.0,202453425.0,20251031
267320,4055,4155,4025,4035,1977251,8070748027,-2.06,230414405970,1019695689.0,,20251031
111710,4535,4535,4490,4490,19413,87386365,-0.88,92440120000,-362420.0,,20251031
091590,3825,3840,3725,3830,32487,121961050,0.26,44964200000,10382270.0,,20251031
168330,2345,2400,2275,2375,40989,96441850,1.28,75417887500,15420480.0,,20251031
094860,1172,1179,1130,1145,119537,136624831,-2.3,27536756505,3580493.0,,20251031
253590,12390,12590,12030,12540,745177,9165878575,1.37,550119316560,-192328925.0,612772290.0,20251031
212560,5530,5530,5380,5410,65297,354840020,-0.18,63904223810,-64817970.0,,20251031
095660,24750,25100,24500,24500,47191,1165282925,-0.81,535491992000,-314926450.0,121886800.0,20251031
042420,23450,23450,22650,23050,5981,137039450,0.88,192842823150,-23070200.0,-5159250.0,20251031
950220,574,585,566,574,1060176,610112257,-0.35,94360809970,28332373.0,-24827618.0,20251031
311390,7220,7440,7120,7440,54923,398466060,3.05,94144190160,85453700.0,-11575320.0,20251031
085910,4310,4520,4090,4290,186172,811467905,-0.46,59780369220,-87267155.0,17217900.0,20251031
092730,17500,17500,17010,17120,58839,1008100330,-1.15,274399171680,300339615.0,-258266270.0,20251031
290660,814,849,808,824,62689,51697617,1.35,41594376288,-4002341.0,,20251031
306620,1978,2030,1977,1984,181081,361967810,0.35,89308291840,89015607.0,21795299.0,20251031
153460,7510,7600,7380,7500,8631,64559205,0.27,48975105000,-3588920.0,,20251031
007390,24900,25200,24400,24700,271050,6730721575,-0.4,1591545883200,-185906075.0,692309600.0,20251031
033640,17430,17570,17120,17390,112771,1952129730,-2.08,400999522780,-256640685.0,236853400.0,20251031
330860,20300,20400,19790,19900,68843,1371582945,-1.97,242462495500,-93174990.0,140.0,20251031
351320,1589,1688,1580,1597,99118,160113324,0.0,46031531944,20173268.0,,20251031
089140,2260,2300,2260,2260,45365,102987166,-0.44,33710688840,-21340045.0,-1180.0,20251031
389650,60300,61800,59400,60500,75138,4576799250,1.17,491679628000,-951137850.0,80910550.0,20251031
137940,331,335,331,331,126723,42098045,-0.9,28257136352,-2990146.0,,20251031
396270,3135,3145,2915,2995,375070,1123521334,-4.77,59595288700,55882178.0,,20251031
348210,64300,66800,62300,65900,133682,8624653300,2.01,690434629500,-2284736300.0,5274428100.0,20251031
225570,13180,13450,13180,13370,127143,1695708395,0.98,880550526380,33343980.0,238388455.0,20251031
205500,2325,2370,2300,2340,220369,515895242,0.65,139754611620,92431853.0,5174375.0,20251031
217270,5810,6070,5810,5900,38966,229848655,-0.67,275740293700,-16597795.0,-13122040.0,20251031
104620,5560,5640,5200,5550,333673,1825453910,-2.8,93298563600,201069550.0,,20251031
473980,30600,30850,29650,30200,156264,4690965025,-0.66,331635924400,-945494800.0,590755425.0,20251031
194700,17250,17500,16790,17060,169405,2875765995,-1.95,319957706880,1058194020.0,-1512885675.0,20251031
285490,19900,20000,19670,19800,61888,1226955225,-1.74,209401453800,191841845.0,-95465550.0,20251031
145170,4560,4605,4460,4485,58533,262899478,-1.54,75834196425,19089059.0,,20251031
106520,0,0,0,411,0,0,0.0,15904036272,,,20251031
376930,2280,2455,2280,2375,407627,970186436,3.49,87749267500,64671755.0,,20251031
142280,4050,4060,4010,4020,69876,281272758,-0.25,87402542520,448942.0,,20251031
234690,9040,9100,8970,9020,23911,215368210,-0.22,160125529520,-50232760.0,,20251031
054050,8190,8320,8160,8320,33348,274859355,1.59,133374267520,-23025550.0,14000700.0,20251031
069140,2720,2770,2640,2720,84577,227969740,0.0,35639460960,-4476460.0,,20251031
040160,3530,3530,3350,3415,48854,165778640,-2.98,41169652025,44222190.0,,20251031
332290,1284,1299,1259,1264,143341,182722261,-1.56,49076029872,38788059.0,,20251031
348340,28900,33450,28800,31900,2360860,73597769150,20.15,362035875300,13373262475.0,-889421425.0,20251031
380550,21700,22200,20900,22100,2162594,47014708275,1.84,255345322700,875075075.0,759811625.0,20251031
060260,1347,1350,1308,1328,59995,79615738,-0.38,17943947952,3385666.0,,20251031
463020,21700,22750,21550,22100,149304,3306528550,1.84,196230320000,519161825.0,-326815675.0,20251031
123840,1011,1072,1006,1066,27333,28079384,4.51,39606491262,6847003.0,,20251031
012340,456,460,454,455,69607,31841502,-0.66,23480940210,241218.0,1047440.0,20251031
462310,6520,6560,6420,6500,78353,507074035,-1.07,51363000000,-2651030.0,,20251031
270870,4905,4990,4880,4900,16073,78822300,0.0,45081097600,8218585.0,,20251031
144960,6370,6370,6130,6200,214086,1329694010,-2.21,270894268800,-5815290.0,-16253440.0,20251031
085670,5280,5350,5150,5250,256693,1342262635,-0.57,128366495250,-253008815.0,-2052770.0,20251031
064260,8040,8350,8030,8060,3088743,25231800985,-3.7,555729262400,2733411545.0,-45711340.0,20251031
340360,1448,1452,1420,1438,157492,226316348,-0.69,63202845142,26921548.0,,20251031
039560,3350,3350,3205,3275,204981,667324434,-1.5,129735787775,-50493281.0,6065215.0,20251031
154040,1008,1049,1002,1024,33503,34280467,0.99,18380896256,1455407.0,,20251031
032190,17780,18370,17500,17560,100279,1781734920,-1.01,672548000000,-416459660.0,136731440.0,20251031
323350,6000,6000,5690,5880,42523,245862435,-2.0,47103339360,-19247285.0,,20251031
068240,3870,3935,3790,3790,412586,1590457498,-1.69,144639426230,-225477800.0,-85423225.0,20251031
464580,2675,2760,2570,2570,696663,1840168300,-3.38,47183879020,141708505.0,95420105.0,20251031
020400,5850,5920,5830,5900,7733,45450570,0.85,18816079400,-2314280.0,,20251031
008830,16050,16100,15900,15920,28171,449609735,-0.31,143081318400,6534940.0,16240.0,20251031
048470,3120,3150,3085,3105,30276,93868010,-0.48,31050000000,10363745.0,35.0,20251031
004780,3630,3645,3595,3615,13742,49755422,-0.41,57490064385,-72650.0,2574485.0,20251031
017650,7290,7340,7180,7290,21176,153661960,0.0,65610000000,10574930.0,-4183650.0,20251031
389260,21300,21350,20550,21000,44076,920656925,-1.64,376242825000,-159995350.0,4760800.0,20251031
317850,6630,6670,6600,6620,16687,110545430,-0.15,55107660400,-37036130.0,-20.0,20251031
290670,16900,17340,16750,16860,14132,239270965,-1.46,132480147600,34769110.0,17090.0,20251031
078140,12180,12270,12100,12190,13948,170068315,0.49,135145398010,47398375.0,-3717890.0,20251031
065150,0,0,0,145,0,0,0.0,23110448725,,,20251031
036480,7270,7330,7180,7250,8768,63496595,-1.49,27550000000,-4496120.0,,20251031
027830,1578,1603,1578,1591,70380,112108716,0.38,85914000000,13360210.0,,20251031
104040,740,754,740,745,259136,193798688,-0.13,99880530370,34161597.0,-3760000.0,20251031
129920,3870,3900,3855,3860,16798,64995085,-0.26,52940104580,-14921445.0,,20251031
457630,2090,2110,2065,2090,871901,1814657656,0.0,15277900000,-1026560.0,-484469069.0,20251031
471050,2190,2200,2175,2185,38607,84220715,0.0,13241100000,194705.0,0.0,20251031
478780,3010,3025,2785,3000,122741,361049445,0.0,23730000000,4940480.0,-54928250.0,20251031
482690,2150,2180,2150,2180,3677,7972730,1.16,12240700000,-115200.0,4340.0,20251031
020180,1051,1079,1051,1070,368137,391995784,0.75,41118939050,40724969.0,,20251031
045390,4155,4235,4050,4055,1694604,6963496013,-2.64,285769543735,271024340.0,-27882750.0,20251031
108380,29850,30500,29550,30000,80941,2431205250,1.35,287019990000,-11103975.0,-368508225.0,20251031
007680,4570,4610,4440,4480,33971,152207295,-1.97,60240203520,-4701250.0,29703300.0,20251031
048910,8320,8330,8150,8170,39019,320656175,-1.8,102769988820,-51730595.0,-2836240.0,20251031
005710,11840,11890,11250,11320,39859,461715620,-3.25,226825632000,-9660480.0,-180238360.0,20251031
120240,12500,12500,12410,12470,6221,77445320,0.16,89664175770,-4491830.0,-1303360.0,20251031
003310,1536,1545,1521,1524,220546,338035568,-1.49,53937941400,-60226143.0,43880.0,20251031
078600,75700,77400,75400,75600,134551,10229107200,-1.82,1170332830800,-858977150.0,-1219167050.0,20251031
393970,7320,7500,7180,7350,447622,3280527005,0.27,108962427000,171744885.0,92551255.0,20251031
096350,2780,2780,2600,2640,928487,2479432585,-5.04,97296571680,-16322722.0,52683863.0,20251031
140520,2160,2185,1990,2110,77434,161577238,-2.31,44540502730,31302353.0,,20251031
131220,4645,4700,4565,4695,23578,108771885,1.08,34998830550,-31363300.0,9260.0,20251031
010170,1934,2265,1878,2165,29972448,63547581865,12.18,285748953900,2983410100.0,1369152968.0,20251031
054670,6600,6640,6560,6560,37944,249604965,-0.61,94168275200,-3739870.0,6600.0,20251031
023910,29250,29250,28750,29050,21668,627161000,-0.34,174300000000,120152150.0,-67774800.0,20251031
021040,1480,1500,1427,1470,120249,173253615,-0.74,31906017780,-17497259.0,,20251031
021045,2985,2985,2920,2920,6266,18319715,-1.35,2477596640,,,20251031
067080,16690,16830,16400,16400,109090,1814864980,-0.67,305313060000,-19102000.0,-63806280.0,20251031
298540,9580,9630,9490,9550,21567,205842465,-0.62,138344986300,-32916155.0,320740.0,20251031
032860,1385,1413,1363,1405,77012,107446253,1.44,56756187515,55948596.0,,20251031
393890,7920,8150,7830,7870,200104,1596671660,-2.11,266345543280,15927160.0,128023390.0,20251031
299170,2090,2220,2060,2185,2438718,5240568105,8.71,82115424550,152512737.0,70610425.0,20251031
462860,3965,4015,3930,3990,335948,1337395156,1.53,286136501910,322568980.0,,20251031
224060,2795,2795,2700,2710,7454,20526320,-3.21,13985556620,-453065.0,,20251031
043090,0,0,0,380,0,0,0.0,4718944500,,,20251031
213420,42700,43650,41550,42100,183908,7797764575,-0.24,1045392635900,1891489250.0,-2566464125.0,20251031
317330,21000,21700,20500,20800,196765,4150210600,-2.12,425912947200,-295238100.0,141774325.0,20251031
077360,6840,6900,6550,6610,739013,4915628320,-3.22,300338583220,-281953125.0,188189300.0,20251031
090410,1340,1340,1302,1310,227576,298882563,-1.87,60370164450,7168818.0,,20251031
263600,3940,4210,3915,4115,79240,326012702,4.44,65553225650,71755490.0,19605.0,20251031
194480,43700,44700,42300,42300,63526,2742332775,-2.87,516193245000,370728225.0,-15697950.0,20251031
373160,5040,5120,4950,4960,19279,96170640,-2.36,68473886240,-7898212.0,,20251031
263800,5650,5850,5650,5760,565926,3267333435,2.31,93440908800,-215092690.0,4118000.0,20251031
206560,4800,4890,4670,4685,92237,438195178,-1.78,119053983160,931906.0,5443845.0,20251031
261200,4645,4750,4640,4695,37604,177157255,1.08,74226541500,48204430.0,,20251031
484120,28100,28350,27700,27850,21575,601050400,-0.89,299583062700,-214778350.0,-68766800.0,20251031
067990,4470,4495,4445,4465,50723,226032481,-0.11,130295620750,-66613790.0,871785.0,20251031
006620,5410,5490,5300,5370,230164,1240778780,0.56,152857007040,193301890.0,10800.0,20251031
100130,2045,2110,2025,2110,163693,341165884,3.18,120571730000,16479249.0,-28655130.0,20251031
005160,3005,3050,2980,2990,176146,529465980,-1.16,162191001180,-95694250.0,,20251031
303810,3765,3805,3735,3765,82656,311064600,0.0,120420287100,-23296900.0,,20251031
075970,2345,2390,2345,2385,85199,201878660,1.49,43884000000,72647915.0,,20251031
086450,17950,17950,17580,17680,202928,3582504145,-0.28,793544434800,115008045.0,-798136820.0,20251031
240550,9280,9660,9270,9490,161318,1534370025,2.93,197489367400,252653910.0,-26726420.0,20251031
099410,5190,5480,5170,5400,281750,1509571750,0.93,75600000000,147210860.0,-85364610.0,20251031
033500,0,0,0,31750,0,0,0.0,952166434500,,,20251031
025950,15710,15720,15250,15300,13279,204704520,-1.29,128520000000,-41067880.0,31200.0,20251031
088130,4060,4060,3960,3970,47142,187937257,-1.24,69416696580,-14414603.0,,20251031
041930,6530,6530,6310,6340,56321,360065115,-1.09,100172000000,-15345785.0,444060.0,20251031
060380,1639,1639,1596,1635,66968,108260217,0.74,32209500000,16137859.0,,20251031
079960,21900,21950,21300,21400,32703,702251225,-1.83,168204000000,20577050.0,1499450.0,20251031
228340,1718,1718,1650,1712,25915,43465615,1.6,34240000000,1024094.0,,20251031
088910,2120,2165,2080,2090,42087,88806440,0.24,53988386760,2413840.0,,20251031
094170,16570,16810,16400,16800,40726,675460910,1.39,351286924800,-22851030.0,-623170.0,20251031
013120,2640,2640,2585,2590,96553,251468545,-1.89,235192979000,-24650975.0,-870773.0,20251031
109860,7740,7790,7740,7780,317,2465850,0.26,70798000000,155180.0,-7780.0,20251031
032960,15670,15950,15300,15750,82009,1288130295,0.32,64867871250,-162421740.0,12267990.0,20251031
023790,2330,2425,2205,2370,1428482,3269586565,0.42,61950892290,91181931.0,,20251031
005290,42250,43550,42200,42800,332172,14237492000,0.94,2200540343200,-389079950.0,3506091325.0,20251031
025900,10000,10070,9910,9940,76554,764798080,-0.6,502539412900,-166147520.0,66392400.0,20251031
131970,50800,50900,49250,50200,340000,16962683550,-2.9,970227347600,-2013140750.0,-3168351225.0,20251031
073190,1692,1748,1692,1740,20117,34616602,2.29,20824389600,7855219.0,5580662.0,20251031
176750,9200,9270,8920,9170,50257,456779670,0.11,260934367400,-15137040.0,-18188670.0,20251031
030350,0,0,0,973,0,0,0.0,13503093562,,,20251031
203650,3340,3375,3330,3340,206547,692257317,-0.6,159706849480,-128736045.0,,20251031
223250,4450,4540,4255,4280,160493,699755408,-3.82,101861106720,57330307.0,,20251031
060570,1701,1706,1657,1657,43217,72536951,-0.84,122786306461,-17042394.0,-3685356.0,20251031
362990,1750,1750,1681,1696,11789,20067657,-0.82,28493773504,-5186363.0,,20251031
016670,6010,6080,5900,5970,36194,215466580,-0.5,45337576980,63175570.0,,20251031
187870,12000,12090,11910,11920,15074,180491110,-0.67,83876379280,-26261670.0,-7790250.0,20251031
489730,2030,2040,2030,2035,706,1433520,0.25,12885620000,0.0,0.0,20251031
0004Y0,2010,2010,2005,2010,1649,3307215,0.0,10683150000,0.0,,20251031
110990,16000,16000,15010,15270,103494,1583605725,-3.29,288603000000,-62602470.0,-46746490.0,20251031
263690,5500,5520,5430,5510,19067,104517560,0.18,62404111100,-28824650.0,-56710.0,20251031
214680,1955,1990,1926,1983,180419,354796384,1.43,151620279150,-5185090.0,0.0,20251031
347850,240000,284500,233500,278000,2074563,536372047500,25.23,3018056682000,48663622750.0,-4359124500.0,20251031
263720,14250,14350,14060,14130,21292,300714090,-0.84,176970803490,-37112730.0,-10585880.0,20251031
376300,39700,39750,38150,38250,196667,7566291625,-2.42,907994029500,-1036901925.0,-2138818650.0,20251031
109740,7840,7990,7600,7830,64334,494788830,1.16,201312353700,-45609505.0,,20251031
031860,792,810,792,808,58275,46648411,2.02,14624736168,7483229.0,,20251031
196490,0,0,0,203,0,0,0.0,36245520080,,,20251031
066900,2025,2025,1947,1949,12076,23681096,-2.01,44329036347,-1173300.0,-904070.0,20251031
092070,15290,15290,14780,15040,60476,904687795,-1.64,174040744320,96928385.0,-2459240.0,20251031
039840,16690,16910,16300,16800,39876,658800975,0.66,241501461600,-12868530.0,-16333650.0,20251031
219550,252,267,252,259,605254,157855804,0.39,32403649285,-33827656.0,,20251031
310870,1354,1369,1332,1360,58017,78549747,0.44,28134688560,-3404147.0,,20251031
104460,14210,14210,13910,13960,35349,493823275,-1.48,149562205000,-55199950.0,-29722460.0,20251031
079810,6400,6490,6300,6310,136381,866576015,-2.02,138997273140,-105769685.0,0.0,20251031
113810,999,1145,958,1029,18532633,19867278422,4.57,33574264479,-79393140.0,,20251031
043360,2105,2230,2090,2135,19632,42039795,0.71,19215000000,1334735.0,,20251031
197140,1930,1930,1873,1912,11157,21167784,-0.93,24881150448,-281154.0,,20251031
068930,6930,6960,6850,6870,42498,292825780,-0.72,190129599540,-58982150.0,-42791210.0,20251031
033130,1452,1452,1437,1442,66755,96176938,-0.89,53520215014,-9363108.0,-1220987.0,20251031
105740,9730,9950,9660,9740,48192,471706030,0.21,99041316620,-49434560.0,105592100.0,20251031
263020,3045,3075,2975,3060,62272,189509839,0.49,44369482860,34195802.0,10858790.0,20251031
290550,7590,7850,7570,7610,96508,740934915,0.26,152209360300,49240220.0,28889950.0,20251031
066670,2720,2790,2710,2760,29841,81972870,-0.54,51589693680,2630705.0,-1698265.0,20251031
187220,2670,2725,2620,2695,40828,109745580,0.94,31526166595,-4771030.0,0.0,20251031
383930,2860,2885,2830,2855,55258,157718161,-0.17,36498685440,2415052.0,,20251031
131180,920,923,906,911,13192,12026780,0.0,26737850000,42470.0,,20251031
315640,4150,4195,4105,4145,93611,388480885,-0.84,93414986260,-37005150.0,103427360.0,20251031
317120,2460,2560,2405,2495,474143,1179306284,1.63,38073700000,149326133.0,,20251031
462510,7140,7200,7110,7150,37278,266670380,0.14,62941199750,4182330.0,,20251031
042510,9760,9890,9650,9870,44222,432246305,1.13,110595067380,49079155.0,138180.0,20251031
232680,8360,8360,8020,8280,66362,544486290,1.47,103783457520,12680220.0,,20251031
418420,4270,4345,4250,4320,157202,675404241,0.58,131058250560,108689525.0,211680.0,20251031
300120,3380,3390,3180,3215,154824,500643775,-4.74,67064938580,-64538555.0,3275.0,20251031
171120,2100,2105,2065,2065,103939,216206705,-1.43,74137134400,-2696860.0,,20251031
388790,2465,2615,2450,2505,1044161,2660135764,2.66,76676539485,308782280.0,,20251031
214260,13030,13220,12570,12610,40131,511727950,-3.89,112512258430,-26002270.0,0.0,20251031
171010,4295,4360,4200,4280,68215,290895013,-0.23,61198658560,-31118910.0,50.0,20251031
084650,2235,2280,2205,2205,740739,1652392556,-1.12,163699177950,-668052772.0,-52165370.0,20251031
217500,2090,2200,2090,2180,319797,688238114,4.81,69350160000,143371695.0,,20251031
038390,11390,11390,11230,11230,38154,430828465,-0.8,187774831060,-146726855.0,-8586400.0,20251031
294140,7170,7400,6850,7200,132763,937455435,0.56,161386689600,-276464890.0,-3521970.0,20251031
443250,9400,9500,9100,9410,31095,289957370,0.0,104651056600,81560470.0,-3978130.0,20251031
228670,5280,5400,5190,5250,39843,209314600,0.0,81910762500,-30852520.0,52990.0,20251031
228850,5520,5550,5470,5490,5042,27834105,-0.54,91084666860,-4294435.0,-856260.0,20251031
412350,2100,2250,2100,2200,96026,207222105,4.76,19199338400,48765355.0,0.0,20251031
199550,6160,6400,6060,6300,61997,383344760,1.61,77274483300,51393470.0,,20251031
281740,14890,15140,14620,14630,271234,4018187680,-1.55,961637917240,-352502115.0,698991520.0,20251031
277810,376500,453500,371500,436500,2078619,850722583500,24.01,8468038017000,107016356250.0,7824152500.0,20251031
215100,10040,10560,9850,9980,3841049,38810970100,3.1,203077570920,3505264725.0,40190.0,20251031
090360,89100,90800,84800,86900,927484,80955368550,0.23,847275000000,-6280745550.0,329866150.0,20251031
108490,235000,235000,214000,220500,1469353,326141757250,-0.9,2915133480000,-63362041250.0,7533201500.0,20251031
900260,1036,1065,1002,1022,92925,94447298,-1.35,36823976336,19193394.0,,20251031
067730,2710,2725,2665,2695,16387,44194425,-0.55,26071219790,-829940.0,,20251031
071280,11170,11170,10900,11140,56373,620813985,1.0,170404157420,-14388680.0,-800.0,20251031
376900,35400,37850,34850,37750,601342,22132981700,6.94,583608922250,2355096075.0,113454725.0,20251031
214610,3590,3715,3550,3550,17399,62709290,-1.11,29760793100,9146200.0,,20251031
328130,40550,43300,40550,42950,585970,24752041400,6.84,1254337140500,7627503725.0,942844650.0,20251031
038060,663,667,651,658,153531,101278457,-0.75,31651819402,295326.0,,20251031
474170,9010,9550,8880,9420,524060,4857892590,4.32,166994896320,108010945.0,1009826255.0,20251031
141080,142800,146800,141800,146400,396848,57656774150,3.46,5359753483200,2040397900.0,4909273600.0,20251031
058470,57500,58400,57500,57700,322699,18680863550,-0.86,4397423745000,-1612408000.0,4446286950.0,20251031
016100,2400,2410,2295,2320,67945,157830970,-3.33,44314074080,-6104485.0,,20251031
012700,3810,3815,3775,3800,42311,160493942,0.0,100495313000,22524888.0,3591610.0,20251031
302550,3260,3350,3195,3300,207882,678605235,2.64,103935242400,-182693925.0,-23012840.0,20251031
073570,1099,1115,1025,1090,280044,305539592,-0.82,65603438690,-3376265.0,,20251031
377450,12550,12620,12360,12370,37543,468030850,-1.9,214372100000,-63738700.0,-6947990.0,20251031
277070,4975,5060,4910,5000,13045,65004485,0.5,68460000000,1557280.0,,20251031
042500,3750,3765,3720,3755,92614,346352215,0.4,83703245720,111708635.0,-152679945.0,20251031
193250,477,477,454,467,159921,74161631,1.74,29572017059,-7829231.0,-1097809.0,20251031
474650,33350,33500,32050,32350,181721,5927591775,0.78,180481685200,-460077700.0,-117646600.0,20251031
219420,4900,5010,4860,5000,56212,277805068,2.35,57347535000,93626628.0,,20251031
439090,16580,16580,16230,16370,70766,1153642820,-1.98,268112116200,-150547230.0,60518240.0,20251031
195500,2765,3080,2585,2590,1654679,4713626008,-0.77,41383020000,-77440860.0,,20251031
377480,23050,24150,22700,22750,414662,9721704775,3.41,161724631250,486952550.0,1775300.0,20251031
305090,8390,8440,8010,8330,123948,1009006030,-0.72,154664134590,69727930.0,-394456530.0,20251031
098120,27000,27550,26300,26850,85075,2279736000,-0.74,223197767100,-34938950.0,-533400.0,20251031
424980,11130,11590,10660,10930,178715,1966862920,-1.44,64693467700,100211225.0,,20251031
038290,15340,15340,14980,15150,34296,517399105,0.07,164247210000,48770110.0,50.0,20251031
267980,34900,35250,34500,34650,5329,184906525,-0.43,265545056700,-59684850.0,53824600.0,20251031
005990,10700,10900,10700,10730,5519,59515990,-0.56,142690801920,6940810.0,612010.0,20251031
093520,27350,27400,26300,26400,86657,2301898300,-4.0,373905628800,-670013275.0,-17558700.0,20251031
100590,3415,3465,3365,3435,224214,764121151,0.59,54376129005,-132303055.0,1521450.0,20251031
067280,31200,31550,31050,31300,5885,184521800,0.16,185508182700,-26890650.0,-6699250.0,20251031
072870,11310,11310,11220,11260,10972,123339035,0.0,134229998340,-27934730.0,-12314810.0,20251031
215200,41900,42150,41400,41550,28129,1170252350,-0.84,447530354850,-112597450.0,-160878100.0,20251031
133750,1845,1847,1819,1819,51982,95014670,-1.41,42577473063,-1750241.0,,20251031
446540,4030,4105,4025,4055,107617,437006021,0.75,84226405000,-65905891.0,,20251031
235980,4160,4350,4160,4340,181496,778501325,4.7,148754025140,51898740.0,8315.0,20251031
041920,5320,5410,5210,5310,43505,231642260,0.0,98756564130,-1411070.0,-4050610.0,20251031
014100,1909,1977,1860,1969,33755,64422227,3.14,23234200000,850390.0,,20251031
054180,0,0,0,2295,0,0,0.0,12686716395,,,20251031
086900,121900,122000,120200,120200,20102,2432020750,-1.15,877279339400,-407657100.0,315094950.0,20251031
078160,16290,17490,16140,17290,144352,2439349315,5.62,677847585870,-155512635.0,2364210.0,20251031
408920,2790,2790,2715,2715,23790,65179550,-0.91,117376115325,4430925.0,,20251031
021880,279,285,270,272,578016,157977070,-1.81,57714158976,-9961424.0,,20251031
140410,61600,64500,61600,61900,154911,9765588000,0.0,1879040980600,-2138822300.0,960016800.0,20251031
241770,28150,28150,25900,26300,83779,2218757025,-8.04,268066432000,-717842525.0,1200.0,20251031
059210,5600,5670,5590,5620,147770,830513620,-0.18,157186566800,-261904620.0,-7850510.0,20251031
058110,1836,1836,1763,1779,50561,90164951,-1.11,28553892870,-10655482.0,17.0,20251031
434480,4285,4335,4235,4235,134546,574300306,-1.17,52134120500,-27964376.0,,20251031
080420,1810,1813,1760,1760,52408,93348952,-2.49,140310054720,3003625.0,-50085238.0,20251031
417970,12970,13100,12710,12850,60404,779784720,0.39,82197595000,-56190880.0,-90860.0,20251031
080160,11270,11290,11080,11130,88955,990726580,-1.42,210357000000,-235240560.0,-64051575.0,20251031
087260,1781,1873,1757,1827,538918,988891659,2.64,59474077047,-123672576.0,,20251031
101330,3140,3150,3075,3110,31554,98062747,-0.96,71987260190,-865426.0,-2239050.0,20251031
012860,1360,1374,1326,1357,255250,346069823,1.5,99377801149,49860985.0,-249211.0,20251031
363260,1723,1789,1668,1685,718511,1226557219,-2.66,54195950765,-70841752.0,,20251031
348030,3715,3765,3705,3735,3277,12219780,0.54,35870193000,-1373505.0,-573675.0,20251031
250060,2775,2800,2690,2730,420086,1156142969,-1.27,87827687220,-181182950.0,,20251031
288980,1023,1049,1023,1029,94155,97329113,0.1,35558702298,11560523.0,,20251031
142760,1727,1759,1650,1728,387547,669213383,0.0,67484486016,-18932275.0,,20251031
033200,3085,3155,3050,3115,10032,30851575,1.8,44641641275,512105.0,55.0,20251031
333050,1455,1495,1449,1451,55038,80529720,-0.14,35713936026,-5472868.0,1539462.0,20251031
118990,8530,8830,8480,8700,140729,1218047145,3.69,216299313000,128886325.0,-15399410.0,20251031
463480,10510,11440,10280,10620,1462441,16089448605,3.11,131585601960,183561045.0,,20251031
006920,2975,3045,2935,2975,78773,235368090,0.0,32487000000,41964205.0,29380280.0,20251031
001810,1462,1571,1461,1510,19425,28791127,3.35,33427625000,187647.0,,20251031
279600,8170,8180,7670,7800,26152,205457160,-4.53,36541291800,-8537220.0,,20251031
095500,11370,11710,11300,11320,295546,3385332070,-2.75,351033188680,-66849730.0,136726990.0,20251031
254490,17070,17130,16840,17090,44890,762727215,0.12,246745420000,-29226850.0,-50.0,20251031
218150,3210,3225,3175,3180,61055,194967148,-0.93,64922250360,-25572032.0,6395.0,20251031
100790,8300,8550,8210,8520,223416,1877117010,3.27,452621881680,-158510240.0,-58342310.0,20251031
448830,2445,2450,2385,2430,187642,452478585,-0.82,11955600000,-5022585.0,-132500170.0,20251031
477380,2070,2095,2070,2095,19255,40051915,0.96,16969500000,47725.0,30212635.0,20251031
477470,2105,2115,2095,2115,5055,10642370,0.48,11590200000,255200.0,0.0,20251031
478440,2030,2045,2030,2045,6357,12977820,0.74,14171850000,48950.0,6648085.0,20251031
482680,2005,2015,2005,2010,17614,35356430,0.0,16512150000,-482855.0,-4392660.0,20251031
049950,15500,15640,15290,15300,43439,668482100,-0.97,134913625200,-215863125.0,12648520.0,20251031
207760,1665,1674,1642,1642,454251,749349025,-0.3,136417003686,-22261479.0,-45957.0,20251031
059090,14510,14720,14420,14510,481308,6997739710,0.0,484877448780,-650881810.0,294337870.0,20251031
201490,4715,4890,4715,4835,496679,2392433085,0.94,146936094820,310171670.0,-23470395.0,20251031
475460,8990,9200,8880,9020,82117,740129580,0.33,50629485500,182621650.0,,20251031
452200,2815,3035,2750,2930,384666,1124575556,3.9,69206014000,-172171024.0,225682636.0,20251031
206640,13590,13740,13570,13570,32489,442340960,-0.15,318712619200,-100097670.0,-125387350.0,20251031
018700,988,1007,979,987,55686,55042868,-0.1,34663200159,-11349796.0,,20251031
035620,449,449,427,427,418927,181943126,-5.11,31785741225,-2328825.0,14774430.0,20251031
053030,15730,16030,15730,15920,274957,4365109055,1.27,520332272960,846287950.0,-493468875.0,20251031
301300,3905,4015,3870,3935,29309,116077345,0.77,51763791720,6570255.0,9294555.0,20251031
064550,14540,15640,14540,15500,370627,5621310145,7.04,400059510500,1496056375.0,215579235.0,20251031
314930,13670,13990,13670,13850,49679,689154960,1.61,412232826550,77974910.0,-52980290.0,20251031
489460,15900,15910,15240,15460,109313,1701820285,0.39,232586887800,-147576600.0,71746140.0,20251031
086820,8020,8130,7990,8050,20366,163946140,0.37,195217829100,9403030.0,15363100.0,20251031
038460,2755,2805,2740,2755,48924,135910900,0.55,72083026690,-21070780.0,,20251031
251120,16400,16490,16210,16450,15520,254280160,1.04,143044265000,57879250.0,3872560.0,20251031
199730,4840,4840,4745,4745,11887,56743940,-2.67,23081421415,1013930.0,,20251031
086040,2735,2745,2690,2705,20583,55618075,-0.92,43167058135,-5493720.0,35.0,20251031
188040,9330,9690,9230,9690,36364,344047160,2.98,42915682470,31274850.0,,20251031
099430,6360,6480,6250,6250,389125,2469768220,-2.04,385254512500,-524944395.0,19103155.0,20251031
032980,0,0,0,604,0,0,0.0,13522952980,,,20251031
308080,3425,3495,3380,3395,41318,140800109,-0.88,69424694500,-2007315.0,,20251031
043150,22300,22300,21800,21950,30075,661290025,-1.57,326050919200,-120983425.0,28348300.0,20251031
323990,9220,9400,9220,9290,49450,460578575,0.98,216060735050,-26065020.0,60.0,20251031
267790,3640,3700,3640,3680,10263,37580093,1.1,28296657120,1435060.0,,20251031
046310,2875,2885,2845,2845,27304,78254392,-1.9,46711033645,-25538215.0,-447580.0,20251031
331520,570,581,568,576,171544,97928398,1.05,29297888640,-10902971.0,,20251031
199480,6460,6620,6390,6470,96313,623445870,0.0,65357597860,28716760.0,,20251031
438700,3645,3760,3630,3710,26722,98085050,1.78,41347541900,10966110.0,,20251031
066410,0,0,0,1153,0,0,0.0,159637252154,,,20251031
382900,36800,37900,35000,35000,826295,29779004200,-4.76,306635000000,-1035745225.0,-77132950.0,20251031
206400,2020,2100,1982,1992,116471,234970729,-1.39,74720234736,30753633.0,237989.0,20251031
019010,2425,2460,2405,2460,11052,26781490,1.23,118572000000,-166875.0,-1759535.0,20251031
177350,1293,1349,1283,1288,129828,169020838,-0.39,25314051896,-16634236.0,,20251031
457600,2550,2560,2510,2530,36262,91640120,-0.78,34679975000,15534750.0,,20251031
424760,981,1049,975,996,64073,63648831,0.61,19586341992,-16319321.0,,20251031
250000,8460,8460,8310,8330,8011,66872300,-1.07,56233605890,-12106060.0,8400.0,20251031
310210,199000,204500,193500,196000,158602,31414743300,0.36,3605051716000,-3154947500.0,-1986175650.0,20251031
006910,5380,5460,5250,5350,1522803,8142354085,-0.56,262844558400,168589810.0,13544830.0,20251031
226340,822,823,792,805,420962,337650713,-2.07,33771698100,-60298647.0,,20251031
014470,1428,1439,1425,1431,122638,175413380,-0.49,85934784060,2304473.0,,20251031
008470,4215,4230,4050,4130,10845,44924740,-2.02,34711824000,-156105.0,823770.0,20251031
338220,22500,24200,22450,24100,159245,3764065425,7.83,337443934300,1236213475.0,194725850.0,20251031
100120,19300,19390,18800,18930,73795,1400237180,-1.66,184567500000,-429541460.0,-6808050.0,20251031
406820,11820,11820,11330,11530,10092,116575330,-2.45,40747481200,-622150.0,100.0,20251031
099390,5190,5220,5150,5210,3188,16527450,0.39,42765154430,4184930.0,,20251031
064480,4665,4680,4600,4635,49126,227611160,-0.64,55399837500,60961550.0,4680.0,20251031
365900,3165,3265,3145,3160,14988,47452905,0.32,23100548000,-4089565.0,35.0,20251031
089970,24600,25500,24000,24100,400689,9949236100,-5.3,580703839500,-572085475.0,-1605258425.0,20251031
251630,5250,5350,5190,5290,47552,250972705,1.34,84337866940,35696525.0,-20.0,20251031
018290,25650,25700,24850,25000,296883,7451550925,-1.77,873545950000,-28567500.0,-1140361225.0,20251031
478560,3560,3800,3500,3645,102858,375558390,3.4,94151436210,-52084645.0,117726390.0,20251031
439580,5040,5090,4955,5010,466350,2339684526,0.0,169468059600,-120264250.0,,20251031
033560,2980,3140,2980,3065,36439,111240640,2.85,52411500000,21540250.0,30648380.0,20251031
369370,1344,1344,1267,1320,64829,84160821,3.94,65830922520,-6769903.0,,20251031
126340,56300,57300,54800,55100,202502,11303820300,-3.16,353393106800,-811003700.0,-840981550.0,20251031
121800,0,0,0,3320,0,0,0.0,256309348520,,,20251031
082800,5090,5150,5000,5080,199490,1015502395,1.6,254531703280,107356765.0,-27946390.0,20251031
318410,8630,8630,8410,8590,5629,47935895,1.06,47719537370,-16594560.0,-4550900.0,20251031
419540,1695,1764,1680,1709,491797,845029977,-2.18,39294201299,-77166379.0,,20251031
146320,14900,15130,14660,14890,36919,550405310,-0.93,190561073470,-147611450.0,150.0,20251031
200780,4580,4670,4550,4670,6098,28229565,1.52,45468240800,1867990.0,-416975.0,20251031
413640,12690,12970,12500,12940,24275,309787740,1.89,93257803600,55569880.0,,20251031
141000,8130,8140,8000,8140,21985,177100660,0.49,98613739400,-45431120.0,40455000.0,20251031
083650,52000,54300,49850,50700,1638791,85614841300,-2.31,1568879812500,-1342922700.0,-2918459350.0,20251031
473370,0,0,0,2020,0,0,0.0,8504200000,,,20251031
065170,657,719,657,669,215392,146827563,1.83,17850943725,9883647.0,21881401.0,20251031
086670,11640,11640,11440,11490,15019,172756530,-0.26,114048418650,17307950.0,,20251031
335890,12530,12700,12500,12500,79465,1001171340,-1.11,730239062500,-407628970.0,125087520.0,20251031
230980,0,0,0,229,0,0,0.0,21370407553,,,20251031
082920,27850,27900,27300,27400,75250,2072409925,-0.72,626698636200,-254165425.0,-88245125.0,20251031
054220,417,444,415,435,886538,380059112,4.32,26079590235,68988243.0,,20251031
042370,8810,8920,8660,8830,195268,1720861380,0.34,231346220750,29207365.0,,20251031
050090,961,1035,936,1020,293005,289776351,5.7,20180429700,-25418959.0,,20251031
148780,1561,1800,1561,1668,2422832,4089618132,6.85,52451469300,143263519.0,,20251031
307870,1471,1487,1407,1458,328296,474840345,1.82,86845057038,-61243325.0,,20251031
377030,2795,2835,2745,2800,208469,583274639,0.0,104247421600,85652433.0,190400.0,20251031
032850,4580,4800,4560,4750,138173,651586199,3.94,78960641750,38646730.0,7957840.0,20251031
049470,1792,1805,1760,1761,565997,1006461580,-1.62,207312840978,116730414.0,-72921007.0,20251031
238200,3730,3805,3635,3635,8516,31832195,-2.55,29734300000,690690.0,,20251031
093190,5710,5830,5690,5760,4151,23880810,0.17,110816092800,723960.0,-4898550.0,20251031
065450,3750,3780,3700,3735,233877,874535609,-0.66,107018208000,-19451521.0,-5.0,20251031
044480,357,386,353,364,2986384,1091069498,1.68,29361596992,23140620.0,,20251031
069540,974,987,818,825,7877697,6953123955,-14.24,49015614450,-104019170.0,-2401570.0,20251031
072950,5000,5040,4880,4890,58600,289670682,-2.2,39377262900,-91702347.0,,20251031
451250,11010,11090,10610,10620,122541,1317729755,-5.43,108598813740,-74719045.0,,20251031
143240,13480,13490,13230,13350,20331,270002740,-0.07,156318661050,-102655565.0,20924620.0,20251031
466410,12420,12660,12390,12590,24643,308210270,1.45,63416119570,40200720.0,11081860.0,20251031
223310,3055,3055,2830,2880,222995,641745503,-4.0,74946856320,-131632692.0,,20251031
452430,30600,30750,29800,29950,29659,895996575,-1.8,246130477700,-210316500.0,5363800.0,20251031
419120,4550,4740,4550,4720,117498,549016040,2.83,71430153040,188170060.0,,20251031
122350,1333,1357,1332,1347,59274,79659535,0.67,51643209516,-1127380.0,0.0,20251031
419050,2100,2140,2060,2075,440453,919538774,-1.19,118682198000,88050767.0,,20251031
014970,6380,6480,6240,6250,48922,310107900,-2.95,94531250000,64282980.0,,20251031
018310,20350,20350,19900,19900,14753,294505120,-0.75,292530000000,-33522680.0,45610100.0,20251031
053700,4000,4085,4000,4075,78448,318007785,1.88,93224549250,16679825.0,13202070.0,20251031
009620,1852,1875,1797,1838,96423,176427284,-0.7,30117635258,-15793984.0,,20251031
023600,9260,9420,9150,9180,17603,161964050,-1.18,146956194000,-4766460.0,-55418950.0,20251031
0044K0,2000,2000,1994,1995,16480,32905631,-0.25,15002400000,-179271.0,-8309950.0,20251031
0071M0,2000,2005,1906,2005,103312,205088560,0.0,11548800000,-1602682.0,-144045784.0,20251031
009300,16610,16750,16230,16630,23421,384252700,0.12,105933100000,-4932830.0,-10.0,20251031
482630,19990,20100,19590,19670,84044,1659612420,-1.9,215271233800,486349850.0,-546558920.0,20251031
484590,16020,16070,15540,15900,346862,5458439635,-0.38,655246155000,575994145.0,-320550255.0,20251031
036670,6950,6970,6910,6960,7045,48923225,0.0,78439200000,-7846555.0,,20251031
361670,3830,3830,3585,3665,10563,38491570,1.95,20771966570,8989175.0,,20251031
054540,17930,19200,17830,17890,1265562,23241421275,-2.77,232570000000,530332965.0,-1335595.0,20251031
065570,0,0,0,764,0,0,0.0,12295692232,,,20251031
014950,23750,24000,17500,18300,9611853,188644276385,-14.08,167836857900,-83278520.0,-94225130.0,20251031
032280,1331,1377,1330,1370,113531,154491497,2.09,22212618300,35672300.0,0.0,20251031
002290,3610,3625,3580,3615,36195,130596302,0.0,44826000000,2180545.0,9551985.0,20251031
037460,12690,12710,12400,12450,48691,608548305,-1.89,203165598900,-1349350.0,-53637360.0,20251031
032750,3830,3860,3820,3860,8594,32972803,0.78,34860130920,160810.0,-5156530.0,20251031
054090,832,846,807,824,37092,30632638,-0.48,20566407168,-5830934.0,,20251031
000250,227500,238500,225500,234000,247556,57479537750,5.88,5489048448000,7421846250.0,6149722750.0,20251031
024950,4230,4255,4200,4205,53122,224252335,-0.83,55815391285,-656950.0,-39734520.0,20251031
038500,3060,3065,2970,3005,191938,575332494,0.17,324288499530,-117696486.0,-5992445.0,20251031
437730,33050,33150,31000,31250,760880,23997359750,-5.16,990861468750,-3946281700.0,-292630900.0,20251031
017480,4590,4605,4570,4590,22719,104115804,-0.43,72076265100,-330410.0,-2763850.0,20251031
046390,1550,1572,1404,1475,1794265,2646461312,-5.27,63680076175,21227007.0,38316392.0,20251031
027580,836,860,822,822,313228,261189242,-2.38,48647011338,-322923.0,,20251031
038540,2020,2335,2000,2065,1582241,3350830902,3.25,114252966345,-177907211.0,10077025.0,20251031
452670,2080,2085,2080,2080,8761,18225380,0.0,10857600000,-484640.0,14456000.0,20251031
091580,13210,13280,12530,12750,335169,4300972700,-4.35,169934792250,310832570.0,-1172487440.0,20251031
263810,3305,3320,3130,3200,206957,667595175,-3.9,50959440000,104092880.0,,20251031
089980,18800,19090,18450,18550,53141,995155850,-1.33,296596636350,15287020.0,-51693695.0,20251031
042940,7780,7900,7690,7760,113248,883705200,-0.39,52990805120,73816465.0,16099490.0,20251031
042600,16070,17350,15660,15800,103136,1677978000,-3.07,196292469200,-132848040.0,16910.0,20251031
107600,35000,35650,34050,34250,126042,4373658925,-2.28,192829349500,-620426375.0,-89877900.0,20251031
411080,8040,8190,8040,8100,59641,484390170,0.5,123667867800,93203140.0,615600.0,20251031
252990,7350,7820,7160,7750,2226960,16938786380,6.46,452507488250,2940643380.0,-223146050.0,20251031
378800,2100,2105,1979,1984,1271152,2584403994,-5.52,59803773504,-105303084.0,-22482500.0,20251031
294630,2660,2680,2600,2655,264672,695597967,0.19,64102582845,-9618232.0,,20251031
038070,6350,6490,6330,6370,26159,166756830,-0.47,57971306120,-10714810.0,10.0,20251031
006730,9140,9260,9000,9120,148731,1356536830,-0.22,596693537760,-184161375.0,217962540.0,20251031
079650,1848,1904,1817,1840,59089,109419701,-0.76,36800000000,3887157.0,,20251031
100660,3745,3765,3710,3720,60204,224572877,-0.67,46872000000,-8136480.0,3770.0,20251031
019770,3790,3840,3710,3805,26463,100408030,-0.26,44328250000,-1113235.0,35.0,20251031
043710,861,899,854,877,87698,76434227,-0.23,75915321270,2507392.0,,20251031
092190,2280,2320,2280,2300,13753,31514190,-0.65,105497280900,-1092355.0,0.0,20251031
046890,6400,6400,6260,6270,144312,906815890,-1.72,365574858000,-313653070.0,85388950.0,20251031
063170,6810,6930,6810,6860,61681,423897965,0.73,121931471620,100874665.0,-1145600.0,20251031
027040,200,204,196,200,701453,140145211,0.0,13917769400,2869309.0,-11108707.0,20251031
018680,3065,3225,3025,3080,8653,26516465,0.65,35910702520,-5630160.0,,20251031
036120,2105,2130,2080,2095,107313,225816019,-2.56,74372500000,-26357030.0,-10870775.0,20251031
093920,5610,5660,5580,5660,24937,139624490,0.71,105276000000,-20055740.0,581195.0,20251031
189860,3150,3250,3105,3135,19167,60119330,-0.48,30405675300,-2015685.0,-25.0,20251031
178320,29000,29000,26550,27150,1199856,32639868850,-5.89,1527131951100,-401874400.0,-3137347050.0,20251031
122690,1806,1861,1800,1858,20808,38118869,2.88,41548516106,3446288.0,-1477604.0,20251031
140070,2365,2365,2300,2325,137968,321386746,-1.48,85997100000,-9694760.0,,20251031
011370,880,888,873,881,209137,183892301,0.11,88888376065,49903232.0,-12987914.0,20251031
065710,42050,42150,41050,41350,8806,366085400,-1.43,212952500000,-77537350.0,10918150.0,20251031
035890,0,0,0,1623,0,0,0.0,372979125711,,,20251031
357550,44500,44650,43500,43800,6636,291822200,-1.57,238929000000,-58172900.0,1468300.0,20251031
003100,18440,18440,18150,18160,10402,189340885,-1.52,119856000000,-70769730.0,-7128790.0,20251031
067370,5570,5570,5450,5450,14101,77421300,-2.15,67108874750,4813030.0,0.0,20251031
217620,0,0,0,3810,0,0,0.0,26803681470,,,20251031
171090,51600,52400,50200,51600,32170,1653895200,0.0,493218806400,-322500700.0,363173800.0,20251031
086710,10470,10470,10210,10280,34234,351798710,-2.84,125449718400,-76444350.0,61810.0,20251031
014620,31400,32150,31250,31500,161601,5115407350,-0.94,836556966000,83592925.0,-10025350.0,20251031
037350,4835,4870,4800,4850,35641,172390531,0.31,75029500000,-29276060.0,-24813450.0,20251031
458650,11810,11960,11730,11760,38755,458215520,-1.26,176937079200,-108311730.0,-23703120.0,20251031
081580,2335,2340,2280,2320,89882,206648030,-0.43,35978891760,8378390.0,,20251031
045300,3190,3275,3120,3275,16373,51983525,1.87,33887620375,-5122880.0,25365.0,20251031
015750,6930,6980,6740,6780,1069695,7342598515,1.95,542400000000,-1274031905.0,176110950.0,20251031
365340,43000,44150,42900,42950,53526,2320866950,-2.5,524992968400,-321414600.0,260092025.0,20251031
080470,4325,4410,4250,4255,20427,87772536,-1.5,31061500000,2968800.0,-17003528.0,20251031
043260,1905,2085,1890,2010,1770914,3546019660,5.51,142554874230,731728822.0,,20251031
148150,5720,5800,5710,5720,106636,612507765,-0.87,205121653880,368385.0,-188530.0,20251031
188260,2125,2420,2125,2280,66620,151199931,7.29,16480911600,5166645.0,,20251031
053060,1215,1277,1166,1166,916785,1102110927,-3.24,20588550554,905833.0,,20251031
340440,1404,1417,1400,1417,67238,94613326,0.78,40212141788,22795592.0,,20251031
017510,11450,11950,11040,11460,1406515,16280623620,0.61,174719160000,807802595.0,-1114350.0,20251031
011560,12960,13500,12830,13380,56971,752826195,3.24,140891400000,285883790.0,31699920.0,20251031
396300,3320,3375,3275,3305,541621,1795677086,-1.05,87547797500,-111919880.0,3335.0,20251031
100700,2390,2395,2365,2390,48914,116405280,0.42,104682000000,3090025.0,1402070.0,20251031
024830,9940,10030,9900,10000,3462,34469950,0.6,83500000000,-2230630.0,,20251031
258830,0,0,0,412,0,0,0.0,22983976612,,,20251031
036630,0,0,0,5490,0,0,0.0,109800000000,,,20251031
039310,1444,1500,1431,1478,57714,84619042,2.71,26783823826,61445592.0,,20251031
067770,2340,2340,2335,2340,3902,9127330,0.0,19648027620,-4670.0,,20251031
053450,5380,5650,5350,5530,133830,737137295,2.98,81804200590,80470285.0,,20251031
222810,0,0,0,5400,0,0,0.0,81712098000,,,20251031
252500,824,827,800,815,121685,98869487,-0.73,33811407850,828428.0,,20251031
321370,1363,1363,1321,1337,337678,451411133,-2.69,58939890856,-66166058.0,,20251031
347000,2125,2135,2090,2125,100513,211882354,-0.23,74146687875,24781781.0,4200000.0,20251031
331920,2870,2935,2865,2870,12701,36590435,-1.2,23431104760,1825825.0,,20251031
352770,0,0,0,5250,0,0,0.0,13610136750,,,20251031
471820,5150,5180,5020,5030,35559,181495470,-2.33,59178971090,-2982720.0,3031280.0,20251031
049180,671,724,671,689,515799,360787050,2.68,37865416407,60290973.0,1415.0,20251031
299660,3385,3455,3350,3350,211280,715491050,-1.03,98834972950,-10168978.0,,20251031
108860,13620,13940,13480,13800,229943,3158797905,2.3,371424102000,523567280.0,409814010.0,20251031
208370,3405,3485,3405,3465,31526,108691340,1.02,89191054260,36454895.0,,20251031
318160,10300,10425,9840,10300,137210,1396670060,0.0,96214370300,-460011530.0,-113280000.0,20251031
308430,15980,16330,15830,16100,201725,3245583890,0.75,206383082500,248007810.0,-16063690.0,20251031
068760,64700,64800,62900,63800,192029,12265415450,1.27,2786732449600,-4792370750.0,845256900.0,20251031
068940,0,0,0,778,0,0,0.0,35720093048,,,20251031
007720,753,757,736,741,150972,112507466,-1.59,74693133450,-12043774.0,,20251031
290690,4300,4385,4245,4335,504666,2173742384,0.12,211349266260,31425176.0,,20251031
950200,3455,3515,3355,3410,23403,80311400,-1.3,65594940730,-5442220.0,13610.0,20251031
032680,254,256,250,254,446536,112896649,0.0,26820054056,57766514.0,,20251031
032685,6200,6250,6130,6130,860,5283860,-1.13,2189280460,0.0,,20251031
258790,1257,1318,1250,1278,140380,179504848,0.79,31938860952,38479682.0,,20251031
066910,830,830,774,785,665957,531061989,-5.54,52542533740,-94666977.0,,20251031
215090,2900,2960,2870,2890,208899,608998665,-1.03,66919860290,93882075.0,35039210.0,20251031
035610,4050,4050,3915,3995,46115,182667042,-1.24,109247258015,-30201705.0,-18074982.0,20251031
357780,279500,288000,279500,283000,25365,7210260750,-0.7,2201334178000,-1858738250.0,2977143500.0,20251031
036830,43500,44200,42800,42900,58574,2529743400,-2.83,899358002400,-728575875.0,-577334100.0,20251031
304100,30350,33600,30350,31850,857712,27661303300,6.17,401114281750,3157075325.0,209719675.0,20251031
328380,923,923,906,906,60592,55275364,0.33,31042076868,-4774712.0,,20251031
086980,2545,2580,2520,2535,138038,350085312,-0.39,158787330000,-11806234.0,-2596272.0,20251031
050960,9700,9730,9480,9480,18551,178148050,-2.27,63999480000,-36683360.0,7168920.0,20251031
084180,3200,3325,3160,3270,55155,178610315,2.19,59102905410,53770050.0,-3726760.0,20251031
253840,6580,6770,6570,6570,149854,997159180,-0.15,110002824000,-93344550.0,70.0,20251031
298830,5140,5550,5080,5210,4413318,23443352580,7.53,274145307810,1432125355.0,-40612410.0,20251031
236200,33400,34000,32850,33750,32860,1099739400,4.49,244932963750,-67149425.0,62418550.0,20251031
094840,6350,6550,6230,6260,30146,191167580,-0.63,65553718400,5609860.0,,20251031
192440,22700,22700,22300,22300,3621,81114825,-0.89,138624894900,-36371150.0,22550.0,20251031
424960,7910,8290,7800,8270,237235,1932741780,5.62,129651601800,360449055.0,,20251031
099440,4005,4175,3935,4105,2084826,8494577974,3.79,280139132370,1317199671.0,314398265.0,20251031
276040,1600,1606,1570,1570,183887,290487426,-1.88,33959625950,-51248408.0,,20251031
060240,0,0,0,1976,0,0,0.0,11502414560,,,20251031
115570,2680,2730,2630,2685,17762,47351557,0.19,21438403980,-726831.0,12550.0,20251031
330730,4695,4725,4605,4720,26815,125177770,-0.53,85671917600,-50147025.0,14075.0,20251031
352090,3680,3700,3625,3685,32640,119689450,0.96,99026997630,-6105705.0,,20251031
253450,45450,45850,44900,45550,127766,5782067525,1.11,1369164583900,-1740167875.0,826713275.0,20251031
408900,4085,4130,3960,4085,310291,1260646850,0.0,133700138220,-70946414.0,-89885.0,20251031
204630,0,0,0,4650,0,0,0.0,23668225650,,,20251031
415380,2300,2380,2250,2350,78959,184558985,2.17,26890991250,11334070.0,,20251031
013810,2655,2660,2625,2625,66999,176380659,-1.13,38470608750,-37816395.0,0.0,20251031
347700,8190,8400,8050,8240,165813,1364015190,0.86,323242172560,-635316295.0,709101710.0,20251031
049830,9000,9180,8990,9100,583,5255760,0.22,55802219200,-179880.0,220.0,20251031
020710,4005,4005,3935,3980,127324,503622918,0.25,79790920600,-153568111.0,-3614870.0,20251031
033170,888,888,844,860,767493,661040379,-2.27,73726354340,237914937.0,,20251031
048870,2460,2500,2425,2435,237741,581603380,-1.02,214540454905,-62818974.0,,20251031
025320,6550,6650,6520,6550,280475,1848100400,0.0,574654726300,-297910070.0,558937515.0,20251031
340810,3160,3400,3100,3290,107997,345500692,3.3,42625509780,43450537.0,594660.0,20251031
269620,0,0,0,889,0,0,0.0,132090012299,,,20251031
056090,967,979,962,971,302832,293118279,0.41,100264523956,23508649.0,,20251031
429270,4735,6120,4735,5500,2492533,14762884595,16.65,25619825000,5014420.0,-1142160.0,20251031
418250,0,0,0,6550,0,0,0.0,45439033350,,,20251031
131090,3950,3965,3920,3930,6099,24015615,0.26,31440000000,-4025.0,7266630.0,20251031
290520,1425,1440,1421,1428,32525,46453979,-1.86,22747128936,11394870.0,0.0,20251031
001000,2150,2205,2072,2090,73188,156133350,-1.65,50740058600,-41431630.0,,20251031
025870,5660,5660,5550,5560,2855,15935540,-2.11,22240000000,116590.0,,20251031
215600,2920,2945,2860,2870,591100,1702622968,-1.71,396432629320,-216659710.0,-15608930.0,20251031
065350,55500,55900,54600,54800,85272,4702057600,-1.08,1506120350400,-2091738100.0,642795800.0,20251031
416180,44850,45200,42100,42600,261990,11320572225,-5.12,385094542800,537495975.0,-3399782000.0,20251031
162300,1885,1885,1860,1872,21059,39358132,-0.11,77634427104,193466.0,,20251031
290560,6860,6860,6690,6750,7114,47868965,0.15,25158073500,4120750.0,,20251031
002800,5200,5300,5150,5250,29058,151450455,1.16,79645125000,33321935.0,,20251031
472220,2210,2215,2180,2210,4691,10350145,-0.23,10364900000,-145700.0,-6129380.0,20251031
017000,2575,2610,2540,2550,66248,170869900,-0.97,29753468850,-17326090.0,30.0,20251031
012790,5910,5950,5850,5880,29203,172136400,-1.01,70480120200,-26915120.0,,20251031
138070,2055,2120,2045,2105,51952,107955610,1.69,36844244420,-6786650.0,5.0,20251031
226330,3890,4000,3865,3985,41912,166037415,2.44,60805022875,42674375.0,,20251031
452980,2075,2080,2075,2075,3975,8254287,0.0,39227875000,0.0,0.0,20251031
474660,2100,2130,2090,2130,14369,30338420,1.67,11757600000,-82710.0,12397680.0,20251031
474930,2145,2175,2145,2155,8400,18177750,-0.46,7801100000,-18435.0,0.0,20251031
487360,2045,2050,2010,2050,36583,74085595,0.24,11562000000,42835.0,-53829200.0,20251031
487830,2060,2060,2050,2060,885,1818740,0.0,8961000000,172975.0,0.0,20251031
496070,2005,2015,2005,2010,4898,9837805,0.25,11296200000,53615.0,0.0,20251031
056700,1957,1957,1921,1957,53341,103422435,0.0,57017373087,-3882025.0,-22726067.0,20251031
187270,3305,3340,3290,3330,36260,120062235,0.76,33779003850,3953530.0,10.0,20251031
243840,5530,5670,5310,5460,863639,4713704880,-2.67,210527963100,294246495.0,-1193193470.0,20251031
257720,45500,45500,44550,45000,514218,23121003675,-1.42,2752735860000,-5075157325.0,1203212850.0,20251031
222800,62000,65200,60800,63100,768088,48322588400,2.44,2192168647300,-5667656700.0,3648344800.0,20251031
036710,4080,4300,3990,4100,855185,3543172762,0.12,216593791400,19874958.0,-49074075.0,20251031
444530,9330,10100,9220,9820,110192,1080820995,5.48,62758471060,251994280.0,,20251031
234030,7670,7760,7510,7550,288488,2188388250,-1.56,178217750000,290082635.0,-335511400.0,20251031
160980,19200,19330,18650,19280,52508,995504940,0.42,210619405040,27242710.0,78020.0,20251031
356890,4150,4250,4115,4180,316996,1321953240,0.24,49966988500,167226280.0,-389205.0,20251031
217330,2800,2940,2795,2875,68450,197099580,3.23,66497447625,-17886350.0,-13438215.0,20251031
208640,357,372,355,358,996041,361325872,0.28,49848010932,15125433.0,-11261842.0,20251031
222420,835,839,811,814,148400,121652253,-2.51,37004628034,9323442.0,,20251031
037760,1723,1730,1650,1720,17464,29715843,-0.41,58192624120,1223447.0,,20251031
081180,8580,8820,8400,8480,70671,603943110,-3.53,74840536800,-121940530.0,-1497150.0,20251031
099320,60300,61800,58900,60300,104295,6292116450,1.01,660362063400,-2019306050.0,600969500.0,20251031
049960,11780,11800,11670,11750,8921,104466780,-0.42,110450000000,13878190.0,-17012270.0,20251031
088280,2135,2155,2110,2120,30631,65040428,-0.7,36689758800,-7070511.0,,20251031
050890,8310,8320,7960,8060,3163052,25631732725,-7.04,489697664040,-3881019275.0,424626620.0,20251031
394800,8750,9420,8690,9210,1425260,13049013795,4.66,292155374190,1841033900.0,467333295.0,20251031
177900,6720,6840,6650,6760,63907,429450285,0.75,64793248000,10742995.0,,20251031
475400,30500,32050,29850,31600,685455,21359815075,7.3,369240122400,3240248425.0,238015525.0,20251031
109670,6320,6590,6200,6340,74601,474053840,-0.94,37004056680,47031650.0,,20251031
066790,0,0,0,1493,0,0,0.0,97271994227,,,20251031
222080,7730,7790,7560,7570,354433,2714468410,-3.57,585704821230,179900050.0,125623200.0,20251031
352480,38750,38750,37300,37600,51800,1967033550,-2.21,512484277600,-70087150.0,90442075.0,20251031
264660,15360,15930,15090,15920,197867,3098551120,5.64,154761058240,608937705.0,-240.0,20251031
352700,2260,2260,2205,2220,27242,60390655,-1.33,58334715780,-1073155.0,-5498380.0,20251031
458870,83000,83000,78600,80000,136443,10974174750,-3.38,1013270400000,-5356789800.0,1885332050.0,20251031
297090,6830,6870,6690,6700,118663,799648265,-2.47,182709000000,-92849910.0,-72471210.0,20251031
900120,688,689,633,636,604651,390675049,-7.69,19116750624,-46140903.0,,20251031
359090,943,943,915,931,63275,58787732,-1.27,53505237527,4637387.0,,20251031
115530,372,375,334,355,1153064,399894289,-5.59,24126865000,30840647.0,,20251031
115480,592,597,585,594,17405,10267455,0.0,36010987452,-574268.0,,20251031
376290,2980,2980,2895,2940,19200,55942977,-1.34,51913050000,-938497.0,-1029960.0,20251031
189330,4600,5020,4600,4715,639704,3086974650,2.5,44237469060,250294533.0,,20251031
096530,25300,25650,25150,25300,124172,3148742200,-0.2,1321317648200,77006425.0,382040225.0,20251031
101240,4460,4460,4305,4320,26523,115143145,-0.8,46921204800,-20626235.0,8630415.0,20251031
060590,5120,5240,5080,5150,58259,299092435,0.0,124532253000,-11168020.0,590.0,20251031
260930,5100,5120,4945,5030,112902,565222630,-1.57,97288202730,-34312140.0,3120.0,20251031
413630,4005,4370,3980,4060,3898442,16307979650,0.12,147932701560,658762319.0,2897710.0,20251031
013990,4610,4655,4530,4560,243518,1113154074,-2.15,149967164160,27000651.0,,20251031
123860,17460,17770,17420,17640,24737,434700510,1.03,213857040600,-36860965.0,-10230545.0,20251031
025980,7800,7965,7670,7710,1321851,10279747705,-1.78,730133422560,-115365895.0,-343787140.0,20251031
125210,7000,7000,6670,6720,204029,1382121935,-4.14,110858428800,83570270.0,-390516215.0,20251031
357580,7870,8090,7780,7800,78585,618057755,-2.38,88001799600,19375500.0,-50071795.0,20251031
052710,10140,10700,10000,10550,105977,1087810540,4.04,154189399950,-80952995.0,,20251031
074430,939,939,913,918,221872,204731709,-2.24,80625042792,-49805964.0,,20251031
092040,3080,3150,3030,3040,245722,751982761,-1.3,168623343200,3042188.0,-60828404.0,20251031
083930,15680,15790,15400,15670,68588,1068354890,0.13,229992491830,175605650.0,-1700380.0,20251031
149950,9130,9210,9000,9160,18052,164087490,0.22,125196159480,-10750580.0,202050.0,20251031
036010,8220,8280,8030,8280,80783,658813540,0.73,110065493520,82169290.0,8210.0,20251031
050860,1889,1895,1880,1890,14706,27768462,0.05,42525000000,-4077020.0,16991.0,20251031
136410,10530,10530,10270,10390,18999,196608005,-0.1,114488511340,6620775.0,-1583570.0,20251031
246720,8520,9000,8290,8290,72873,632324110,-2.59,123644521000,-7816010.0,,20251031
450950,14860,15580,14830,14990,140024,2121379475,-0.13,562231309080,264979575.0,-8654940.0,20251031
067390,555,556,535,535,1048614,571111747,-2.37,215689304765,-90348565.0,,20251031
159010,3965,4090,3965,4045,21574,87029075,1.25,53939019255,6412060.0,-1415755.0,20251031
127710,970,1131,936,936,1174460,1234696778,-3.51,32670220752,,,20251031
154030,2060,2150,2050,2060,34565,71288210,-0.24,24847446020,-22593395.0,,20251031
227610,744,763,710,747,255146,187006261,0.4,26981858124,25568684.0,,20251031
331740,12650,15320,12590,13850,1661307,23912666295,10.8,133426731150,1474093630.0,3899750.0,20251031
143160,18040,18170,17830,17970,16393,295598240,-0.33,192573528300,45886950.0,18179320.0,20251031
054800,11200,11310,11150,11200,1893,21199255,0.18,115894867200,-3792685.0,,20251031
332370,4935,5000,4935,5000,6311,31297555,0.0,66368630000,-1217370.0,-6935545.0,20251031
066430,1290,1350,1276,1280,210473,273962496,-0.7,50116449280,22499870.0,,20251031
339950,1914,1914,1873,1874,32758,61801548,-0.69,84230031470,-19137493.0,,20251031
469750,1343,1349,1309,1309,335298,442947271,-2.53,45103533629,66022988.0,,20251031
460470,3275,3320,3230,3230,62601,204117686,-1.82,48762890100,-4661925.0,,20251031
099190,17330,17580,17160,17300,107688,1872983800,0.0,477253819800,-90505380.0,86138200.0,20251031
461300,17250,17700,17100,17680,30534,533528120,2.49,234135055440,-18749190.0,-310.0,20251031
289010,1979,1979,1900,1934,185122,355904467,-2.96,26970125104,-27253460.0,,20251031
214430,79100,80800,76800,77500,44190,3448397300,-2.02,550773900000,533336000.0,-992279050.0,20251031
040910,4660,4665,4550,4645,48533,222838635,-0.32,86277507375,13978925.0,,20251031
368600,2085,2120,2055,2105,32621,68213720,0.96,36918218330,1449370.0,,20251031
456010,19770,21250,19260,20350,2976158,60714707670,2.01,273110756600,3143600060.0,1802909475.0,20251031
052860,2515,2570,2465,2490,59834,149519660,-0.2,44478506460,16513070.0,,20251031
464500,3225,3450,3185,3255,183831,599866592,0.77,45450421065,-26890347.0,7538895.0,20251031
212710,9860,9900,9640,9720,146465,1423185320,-1.02,90254846160,4317605.0,-701415.0,20251031
038880,178,178,173,174,1559202,272242487,-1.14,65375484450,-25192346.0,-6334331.0,20251031
307180,2680,2720,2600,2700,61650,164670555,1.12,77197665600,-26734970.0,584760.0,20251031
101390,0,0,0,396,0,0,0.0,5140810224,,,20251031
461030,10750,11390,10730,10960,197751,2196729380,2.43,153634540000,267592325.0,,20251031
451220,10060,10230,10030,10170,32605,330470295,0.39,80084793870,-29913590.0,,20251031
090150,745,784,739,781,125355,94505166,4.13,32704603833,6539125.0,,20251031
123010,1160,1216,1133,1211,756150,894233297,5.3,39549494362,120461473.0,,20251031
031310,1503,1507,1485,1493,109001,164054767,-0.67,39348079199,-4316086.0,,20251031
462980,1913,2060,1901,1977,151973,298869894,2.7,36049481949,82567437.0,,20251031
185490,1843,1910,1843,1851,67956,127363861,0.43,50032130184,-3490491.0,,20251031
059100,4985,5000,4820,4940,16467,81574045,-0.9,34930048400,-9996265.0,,20251031
262840,1985,2010,1975,2010,33554,66680149,1.26,42479149050,1301961.0,,20251031
175250,0,0,0,2170,0,0,0.0,81501658560,,,20251031
052460,2590,3075,2525,2675,4944774,14040598252,7.86,39076228800,-426658599.0,,20251031
119830,6140,6170,6040,6080,61052,370590295,-0.98,134474655360,-70826450.0,480010.0,20251031
052770,479,498,458,465,175566,82109167,-2.92,27097921035,-10095304.0,-461.0,20251031
124500,18500,19180,18390,18700,372423,6996012865,0.0,433924654900,68287205.0,36549890.0,20251031
010280,956,988,950,976,103593,100103361,2.09,63560815136,-18552743.0,,20251031
232830,2435,2520,2435,2450,33697,83499155,0.62,28683306400,-1387043.0,,20251031
372800,4805,4975,4700,4895,11234,54647475,1.87,29600016050,14408600.0,,20251031
084850,12100,12160,11780,12000,40691,484496220,-0.41,272195208000,-101162910.0,-11925020.0,20251031
309710,28150,28300,26750,27000,99224,2716445175,-4.26,339741027000,54691950.0,53165150.0,20251031
114840,18290,18300,17670,17770,124310,2213755790,-1.17,307774623000,-147156070.0,-727783375.0,20251031
027360,2100,2125,2085,2100,136206,286565143,-0.24,254405352600,-6553120.0,7007290.0,20251031
032080,1251,1263,1226,1240,27372,33911135,-0.88,26648875960,361497.0,,20251031
013310,3270,3400,3250,3295,488337,1631553283,1.23,127867687690,45613151.0,6279835.0,20251031
059120,7910,8530,7730,8430,425371,3522346000,9.48,82180664280,455126460.0,-8180280.0,20251031
203690,0,0,0,4425,0,0,0.0,76921522875,,,20251031
158430,6620,6850,6620,6700,358276,2402661960,1.21,166498544300,105313785.0,-4631435.0,20251031
200350,7490,7580,7400,7410,17829,132995470,-1.46,74070545250,-16709490.0,-118540.0,20251031
321820,4980,5060,4950,5050,20551,102759695,1.2,78736448800,22550960.0,,20251031
001540,7780,7850,7750,7850,15420,120405370,0.38,102382997000,-12235960.0,-10109730.0,20251031
053800,60100,61100,59900,60700,49216,2974716300,3.58,675378914200,635411350.0,457727200.0,20251031
065660,22050,22950,22050,22550,20763,465884900,1.12,225637555000,69909450.0,-28477900.0,20251031
297570,995,1021,993,1000,27879,27844562,0.5,34621218000,350778.0,,20251031
260660,3740,3795,3680,3750,28611,107421200,0.27,57476328750,12989300.0,-3296435.0,20251031
354320,21850,22100,21500,21600,12335,268525600,-1.14,138053829600,-27569900.0,-8228650.0,20251031
361570,2345,2445,2310,2350,102560,244158350,0.43,67546733850,-46544075.0,-11378475.0,20251031
131370,2680,2770,2680,2725,80231,218507527,0.93,145152801175,-22464990.0,-10570770.0,20251031
140670,13130,14210,12840,13820,622899,8521000995,8.39,128569394800,2142828330.0,40494665.0,20251031
096610,0,0,0,2965,0,0,0.0,51550708615,,,20251031
061040,2180,2300,2130,2205,316606,698668250,0.92,70756816095,-177462615.0,2130.0,20251031
148250,6470,6610,6290,6450,53054,338641510,-1.68,60931034400,-75610700.0,60936110.0,20251031
347860,2570,2750,2560,2710,541473,1446727718,5.24,104906704310,214936202.0,,20251031
196170,477500,491500,474500,488500,531464,258267569500,3.5,26137577438000,47458729000.0,38136814250.0,20251031
123750,1497,1543,1477,1482,41995,63947257,-1.0,18890012154,-3477887.0,,20251031
085810,539,550,516,536,222970,118031808,-0.56,32591636512,-6254749.0,31980000.0,20251031
043100,2045,2085,1997,2020,234145,473830674,-2.88,40622361600,-6280331.0,,20251031
117670,6400,6440,6340,6410,9386,59861250,0.16,39353989880,-3372010.0,,20251031
314140,7330,7330,7120,7120,46021,331940375,-1.25,61704490320,76774895.0,,20251031
291650,990,991,931,931,295428,284788910,-5.96,27259914612,-26562959.0,,20251031
293780,7010,7140,7000,7010,105136,742890685,0.0,188438333600,195442790.0,14340.0,20251031
310200,3715,3775,3690,3740,169392,633916968,0.67,195089006640,43204526.0,-52880080.0,20251031
179530,3235,3950,3180,3815,1222100,4403430500,17.75,48283815020,49759468.0,,20251031
397810,9290,9590,9020,9400,67381,620404795,0.53,48511238000,-25448180.0,50743020.0,20251031
900100,678,725,674,680,110401,75683682,0.29,31305358560,464973.0,,20251031
052790,6180,6280,6150,6210,17207,106718510,0.49,70363261980,-901060.0,,20251031
290740,5310,5310,5080,5130,9865,50669470,-1.35,51633506430,1351810.0,,20251031
238090,1608,1625,1600,1608,30574,49147170,0.06,37854415224,3056334.0,,20251031
092600,645,664,615,631,188921,119243787,-1.25,15827699227,16946436.0,,20251031
129890,1021,1027,1011,1019,169115,172113142,0.0,51605634790,10523076.0,-6.0,20251031
174900,21250,22400,21100,21700,233867,5086413800,2.36,414316993300,-758335525.0,145429500.0,20251031
109960,278,286,275,277,472370,132506420,-0.72,61158627513,46898356.0,,20251031
270520,675,686,642,650,1636076,1085246254,-1.07,127782945550,-4466465.0,2703757.0,20251031
255440,9000,9000,8730,8830,19816,174126825,-0.23,115302140000,-85504575.0,,20251031
030960,8450,8480,8270,8280,67478,562704795,-2.01,132314400000,-344405.0,,20251031
102120,12500,12870,12340,12600,338266,4279472245,0.8,224037487800,-1438560180.0,49960.0,20251031
238120,3320,3450,3305,3340,98244,333271785,0.91,48025512640,8488378.0,,20251031
019990,8530,8620,8360,8420,225125,1912130355,-1.29,82146260960,62747570.0,-80.0,20251031
435570,10230,10450,10060,10440,11703,119054200,1.06,79521302520,28392470.0,,20251031
270660,21000,21350,20300,20900,219031,4564981100,4.5,257241421800,363017500.0,51849500.0,20251031
038680,3650,3785,3650,3760,81000,302672467,2.31,74871533920,16734591.0,118100.0,20251031
217480,0,0,0,499,0,0,0.0,54756837359,,,20251031
121890,1788,1844,1770,1770,89841,160983217,-1.01,23525859420,14687909.0,,20251031
304360,23300,24800,22500,23550,70183,1647420000,1.95,281299945800,-96636050.0,82362400.0,20251031
389500,25100,26650,24600,26400,301640,7800686575,8.87,167215065600,996695350.0,150929175.0,20251031
042110,1296,1300,1254,1279,131903,167715217,-0.47,61813512356,-4425490.0,-2649063.0,20251031
298060,1188,1214,1160,1188,32510,38245630,0.0,52513373088,-9760289.0,,20251031
065420,276,279,272,274,271747,74826178,-0.72,19612179926,-7964716.0,,20251031
103230,4605,4625,4470,4595,45401,205664684,0.33,33084000000,-1232330.0,33829590.0,20251031
260970,76000,78800,73100,73700,47843,3603717350,-0.54,213195969800,-1584492750.0,-131317300.0,20251031
101490,55700,57900,54800,56100,288081,16219170150,2.19,1203426176700,-2407639650.0,1298877900.0,20251031
095910,1570,1570,1522,1540,73025,112363802,-1.91,35270344340,-19841824.0,,20251031
275630,3335,3460,3255,3255,7989,26556470,-2.4,19588554195,3822730.0,251765.0,20251031
031330,3735,3740,3565,3690,734086,2682272335,-1.34,368981797230,-496564759.0,81580640.0,20251031
060540,1225,1253,1216,1246,33263,40619122,1.71,32562099276,-1153443.0,,20251031
056190,24800,25450,24600,24750,167646,4170245700,-0.4,888741810000,-1020729900.0,1286101025.0,20251031
0008Z0,41500,42000,40750,41100,136544,5640373550,-2.72,387842780400,200456800.0,-81669350.0,20251031
246250,0,0,0,1969,0,0,0.0,30220617614,,,20251031
041510,119900,121900,118800,119500,151210,18161773100,0.08,2735915455000,-466135700.0,-6755497600.0,20251031
460870,4540,4635,4500,4575,136817,623566947,0.77,90691615800,155419733.0,-172556675.0,20251031
007820,4080,4300,4015,4200,311643,1296176143,4.87,84142573200,79192976.0,0.0,20251031
464080,10570,11850,10510,11650,2747619,31326218540,12.56,205993319500,6184547375.0,147725285.0,20251031
109610,2995,3065,2995,3045,167640,509341330,0.16,148923033000,197372015.0,,20251031
365330,3330,3365,3315,3325,680806,2269107785,-1.19,166818575000,-4071934.0,-33369985.0,20251031
306040,3510,3510,3405,3495,11843,41157517,0.43,34481068860,-1554087.0,1199071.0,20251031
398120,2820,2940,2810,2910,28702,82705090,2.28,32911227000,607815.0,,20251031
457940,2090,2095,2085,2085,4004,8371605,-0.24,6901350000,17970.0,5746250.0,20251031
472230,2040,2045,2040,2040,1792,3662595,0.0,8476200000,0.0,0.0,20251031
473000,2035,2045,2035,2045,1959,3996930,0.25,6768950000,2040.0,0.0,20251031
473950,2035,2040,2035,2040,3760,7662735,0.0,9016800000,28490.0,,20251031
455910,2095,2095,2090,2095,3128,6543680,0.0,10516900000,-37620.0,3962640.0,20251031
475660,6200,6640,6170,6320,55124,346350695,2.43,50116557200,-31285810.0,41589555.0,20251031
096630,631,648,631,631,223889,142357983,0.0,50089799696,15460954.0,,20251031
069510,14020,14100,13930,13970,6686,93643690,-0.36,152412700000,-16791910.0,-25455320.0,20251031
488280,19190,22850,19190,21650,1404196,29835155150,12.58,229229247400,2636644140.0,380396590.0,20251031
234300,3640,3675,3610,3660,87790,320645007,-0.41,99580474800,-44393125.0,,20251031
039440,23400,23400,22850,22950,118538,2733235325,-2.75,363298500000,-611883750.0,-5865250.0,20251031
098660,1877,1895,1875,1894,4216,7947549,-0.05,23676848544,-105625.0,,20251031
052020,8380,8690,8270,8540,219779,1865432210,2.28,580577305140,-52550110.0,,20251031
237690,98000,102400,97700,101300,351191,35400303850,4.65,2096635477000,6436485650.0,3940358550.0,20251031
050760,1525,1545,1502,1517,54678,82877753,-1.3,24779706526,-5242113.0,17835634.0,20251031
288620,12600,12690,12060,12170,69190,853447085,-3.41,84938275720,4880880.0,221730.0,20251031
443670,5760,5840,5700,5710,62310,359096960,-1.04,141273348320,-47583120.0,,20251031
317830,10100,12160,9570,10980,13330888,148937427085,13.78,118296521640,2755344010.0,31386240.0,20251031
058610,32650,34900,31700,33800,1941811,65020069825,8.68,749594768000,7951658250.0,2012220750.0,20251031
043340,451,452,442,444,109511,48829709,-1.55,42180000000,725620.0,,20251031
163280,18130,18540,18060,18380,68632,1258236705,0.05,150252621820,16149170.0,3921890.0,20251031
054630,0,0,0,1580,0,0,0.0,12594094680,,,20251031
200710,24800,26600,24250,26400,553282,14213464050,6.45,354837700800,402525200.0,528078650.0,20251031
475580,10230,10630,10210,10460,110479,1156924500,2.15,142516454000,52132850.0,12768020.0,20251031
096690,1633,1634,1500,1560,302450,467881510,-4.94,37653802680,7667877.0,,20251031
298380,94900,100000,93700,99700,1316121,129530665050,7.2,5495978950500,6244247450.0,20344518050.0,20251031
203400,4610,4820,4510,4600,180412,832495865,0.33,135498888000,-9319990.0,58417395.0,20251031
195990,189,189,180,184,1102206,203942086,-2.65,52382908664,8368299.0,35019390.0,20251031
003800,27050,27300,26800,27000,10776,292729600,0.37,299430000000,-107332000.0,-17224600.0,20251031
088800,3695,4690,3490,3655,15209134,63256314032,-1.08,275976016270,308139243.0,87410432.0,20251031
241840,9130,9230,8840,8950,63364,568050160,-2.72,85382946300,4177505.0,-3038190.0,20251031
364950,11120,12300,11120,11850,1583338,18875997610,7.24,96353997150,1238282155.0,23311760.0,20251031
453860,15510,15850,15510,15710,12511,196439275,1.29,88874847650,-13929110.0,,20251031
312610,1510,1512,1485,1486,14144,21176795,-1.72,30101735568,-2733637.0,,20251031
172670,11010,11280,10610,11250,150815,1650544750,0.99,100802913750,367158040.0,-5575000.0,20251031
481070,15660,15700,14890,14960,32139,487904770,-3.79,211833600000,64398410.0,-104378020.0,20251031
445090,31750,32400,31300,31650,56032,1784946800,-0.16,344088039000,-442487075.0,-4656600.0,20251031
295310,23650,23800,22900,23200,80177,1863436500,-1.49,276124799200,-916843900.0,174870500.0,20251031
072990,11190,11690,11150,11150,24553,276028040,-0.36,82123273400,96145730.0,,20251031
044990,14520,14520,14150,14280,8829,126015750,-1.92,114754993920,-52501090.0,0.0,20251031
239610,8950,9400,8900,8960,5835,52555165,0.11,48313350400,-2653240.0,2139260.0,20251031
036170,818,890,811,863,187334,160894143,5.5,52958535238,13153383.0,,20251031
462020,2070,2080,2070,2075,2049,4256890,0.24,9015875000,2075.0,2070.0,20251031
477340,2010,2015,2005,2010,22612,45459225,0.0,15095100000,86435.0,39408015.0,20251031
148930,3555,3555,3470,3510,20221,70659005,-1.27,35714997630,2212765.0,,20251031
376270,29100,29250,28450,28650,25201,723682425,-1.55,202802950050,-197620350.0,-18411400.0,20251031
044780,1373,1410,1360,1403,75724,105547686,2.18,25963619161,-3506306.0,,20251031
357230,2530,2530,2470,2495,55095,136951761,-0.8,103027222620,4810674.0,,20251031
355690,7460,7900,7320,7830,30164,230326790,4.96,42320993400,-67756650.0,-2937000.0,20251031
071670,6090,6280,5960,6250,36361,224350365,3.65,62500000000,21317375.0,-90.0,20251031
045660,11110,11450,11080,11120,28405,319486525,0.45,91851200000,-60081160.0,-22070.0,20251031
224110,9820,9900,9720,9780,14155,138828610,-0.41,52225200000,11752680.0,6935480.0,20251031
021080,2545,2565,2490,2540,177609,448619385,1.4,121920000000,14836088.0,-33539987.0,20251031
200470,5380,5400,5130,5240,371555,1946766280,-2.42,221977367320,-303089795.0,5253795.0,20251031
262260,6120,6320,6100,6180,50890,316741230,0.98,89413179360,-68127690.0,106402300.0,20251031
397030,30900,33350,30450,33100,1521366,49618214050,8.52,760149576400,-1001463125.0,3351632400.0,20251031
230240,17940,17940,16870,17190,367966,6360247595,-5.08,228781710000,-1554164225.0,490277515.0,20251031
159910,603,615,597,597,86297,52124719,-1.0,24674821323,5408733.0,,20251031
230360,11460,11600,11340,11580,58493,672709055,1.14,358965617640,149647360.0,-52235840.0,20251031
038870,3250,3300,3175,3250,33165,107566998,0.0,45548584250,284905.0,-40.0,20251031
097780,1021,1021,1000,1000,46946,47262405,-1.57,67730338000,67322.0,0.0,20251031
448280,11460,11460,10510,11000,59206,657555745,-2.91,325942419000,70308155.0,11270.0,20251031
101360,23050,23550,22750,22900,204517,4726509775,-3.38,407302010600,-515083000.0,158772400.0,20251031
128540,1704,1815,1704,1735,87251,150893644,0.41,46307948100,17898162.0,-271.0,20251031
086520,86800,92300,86500,88000,2076158,186338249500,-1.35,11948301376000,14432597350.0,1017693850.0,20251031
247540,158000,164500,158000,160000,695197,112177107850,-1.6,15648215040000,5632303100.0,3825683300.0,20251031
383310,27950,28400,27700,27750,58014,1626946850,-2.12,582054363000,-69637425.0,210649150.0,20251031
038110,3195,3280,3170,3235,342591,1109805384,2.05,133182911950,-30863349.0,-58110.0,20251031
073540,2115,2140,2050,2050,41769,86640450,-3.07,23370000000,17646560.0,,20251031
064850,8610,8940,8420,8710,41655,364727605,1.28,99383991720,103289055.0,-1218680.0,20251031
036810,36300,39700,36000,36700,679087,25844441625,2.51,805797971600,4391180825.0,916281050.0,20251031
173940,3125,3130,3000,3125,7668,23743007,0.0,48102525000,-3937717.0,,20251031
083500,13050,13310,12790,13220,81667,1063857795,2.16,113371044840,-101629135.0,86860020.0,20251031
054940,675,679,670,674,192858,129699436,-0.15,22358971352,7324676.0,,20251031
950130,3895,3995,3895,3905,51874,203899587,-0.51,147327183960,50528295.0,,20251031
373110,2140,2395,2130,2215,231271,522887081,3.5,24228693330,16937225.0,,20251031
205100,2105,2175,2105,2165,405232,871934706,3.1,154715896820,70229536.0,123502636.0,20251031
356680,9330,9630,9200,9370,1060323,10015475355,0.21,267452520040,585443430.0,40278300.0,20251031
070300,1485,1508,1400,1413,175113,250912335,-4.72,32932901214,17101074.0,,20251031
317770,3510,3530,3440,3450,408349,1416710921,-1.71,114799374450,68612425.0,,20251031
373200,551,565,544,555,411896,225884906,-0.89,61052961480,-14881826.0,,20251031
069920,1202,1211,1109,1127,1187932,1364804539,-5.69,45985163574,-89856292.0,-54000244.0,20251031
092870,16060,16200,15390,16040,406114,6377824930,0.19,209334783880,252443820.0,137111660.0,20251031
317870,15170,15230,14260,14390,183118,2683378775,-5.58,122984408410,48369230.0,,20251031
067570,2315,2345,2305,2340,116900,272019450,1.08,98677800000,4116870.0,-30271465.0,20251031
236810,2760,2810,2710,2745,55382,151897475,-0.36,46597544370,-12052545.0,-20.0,20251031
333620,6850,7000,6820,6830,11539,79049530,-0.29,72099829520,-9193640.0,0.0,20251031
101400,315,318,309,315,659778,206487934,0.0,21561979950,25797455.0,-13378.0,20251031
475230,11230,11920,10980,11350,266171,3059996055,1.16,118348027650,-177180370.0,141719350.0,20251031
078860,1320,1340,1271,1297,100668,130391520,-1.74,76992847329,-13399958.0,,20251031
451700,2105,2105,2100,2100,6791,14292460,0.0,30135000000,-825290.0,0.0,20251031
466910,0,0,0,2135,0,0,0.0,19428500000,,,20251031
481890,2105,2120,2095,2120,16204,34092220,1.19,13451400000,376795.0,2946300.0,20251031
265740,6120,6190,5710,6100,172851,1033329475,1.16,108967960000,-175346225.0,230744150.0,20251031
354200,1450,1489,1437,1480,50306,73847111,2.99,37056429440,17691102.0,0.0,20251031
455900,33050,33900,30550,31050,1082734,34525418350,5.61,471436217550,-1456795825.0,269223900.0,20251031
419080,5950,6140,5930,6000,13714,81807740,0.84,63485862000,-17838940.0,,20251031
208860,1553,1579,1520,1531,49634,76926066,-1.42,51977408663,-128395.0,,20251031
183490,1015,1027,1005,1017,289597,293280561,0.3,86511676554,39331946.0,30374600.0,20251031
182400,0,0,0,3685,0,0,0.0,263029901475,,,20251031
348370,84000,88200,83800,86100,192903,16774074800,-1.71,1874177014500,-863996000.0,1235786900.0,20251031
069410,4875,4880,4740,4830,29191,139673040,-0.92,49482499920,-33326130.0,,20251031
227950,397,400,380,385,673575,259100594,-3.02,66428303095,-28197415.0,-30681.0,20251031
291230,1225,1246,1187,1201,204652,248523088,-1.96,52959025775,-6473807.0,,20251031
048830,1124,1124,1086,1090,38883,42752330,-3.02,20409076070,-183488.0,,20251031
096870,2970,2980,2910,2910,24733,72795825,-1.69,19434144000,-6007950.0,,20251031
290650,54000,54600,52000,52800,353327,18824218750,-1.31,1299875280000,-3546685800.0,706781900.0,20251031
156100,9130,9480,9020,9030,60432,550588845,-1.53,187421000130,-111633780.0,28990.0,20251031
0041J0,2005,2015,2000,2015,26890,54058430,0.5,8281650000,0.0,6580690.0,20251031
073110,5700,5700,5510,5540,27233,151774160,-2.81,49282482700,5962170.0,,20251031
083310,13060,13240,12940,13050,122572,1598279475,-0.46,232420930650,285625305.0,-119129190.0,20251031
037950,815,820,811,814,220845,179811801,-0.25,68740280466,41426938.0,,20251031
489500,21100,21400,20600,20900,22105,462573750,-0.71,131211370400,-61029550.0,19043850.0,20251031
170920,21200,21700,20550,21050,212396,4464964225,-3.0,214921973500,-421681025.0,-60450125.0,20251031
058630,6400,6500,6340,6490,113837,733490545,2.2,126839761730,-57963070.0,8690205.0,20251031
226590,18740,18900,17550,17900,678288,12221535470,-4.79,190291033600,-768232055.0,-963465500.0,20251031
058970,43600,45400,43500,44600,100823,4481508150,2.53,551235394800,-19988775.0,317292475.0,20251031
169330,2140,2140,2040,2080,9705,20009115,-0.24,38036789440,82905.0,,20251031
373170,7900,7900,7410,7500,4420,33236920,-0.4,37784475000,-984290.0,,20251031
179290,6320,6320,6120,6160,117765,727078050,-1.91,199372576480,-142137435.0,-243129340.0,20251031
009780,9300,9650,9210,9210,109624,1031955365,-0.86,162096000000,-45491285.0,-10332410.0,20251031
123040,2380,2430,2350,2395,160977,386003805,0.84,149994776105,-19172030.0,-4994510.0,20251031
432980,3825,3825,3790,3820,8565,32587775,-0.65,32820454440,-1406030.0,0.0,20251031
413390,7710,7770,7550,7630,285565,2183022495,-1.04,88356773400,38276210.0,106722970.0,20251031
032790,905,905,870,895,161043,141964297,-0.89,42567981050,-10301495.0,,20251031
033160,9310,9320,9120,9230,104883,967050505,-1.18,208054888340,116797340.0,-154606090.0,20251031
347890,6000,6230,6000,6140,21379,131056890,1.49,103847072560,17951890.0,-11956730.0,20251031
033310,1867,1926,1856,1876,43077,80967624,0.05,75682025356,9635253.0,,20251031
259630,18150,18240,17060,17370,417573,7338485930,-4.4,211178484720,1251220660.0,-1660934045.0,20251031
105550,1890,1933,1832,1838,399372,749869033,-1.82,143928359738,46065285.0,-85949527.0,20251031
060850,5930,6070,5930,6070,18267,110038820,2.36,49355170000,12088420.0,3090.0,20251031
143540,757,757,736,747,37321,27873316,-1.32,33316121565,-1639662.0,,20251031
265560,7640,7860,7510,7640,26479,202870395,0.0,81672975200,-61089730.0,99690090.0,20251031
036000,3100,3100,3040,3050,26544,81089345,-1.13,70254544850,-33077920.0,6125.0,20251031
250930,600,608,523,540,2089960,1143183251,-7.38,17820237600,-35241316.0,346684.0,20251031
053280,3750,3795,3750,3760,64980,244861676,-0.27,94000000000,-57596713.0,11333.0,20251031
122640,18250,18250,17650,17710,108873,1943941455,-2.96,378105329910,-473954045.0,-529580860.0,20251031
476040,31550,33250,31500,32650,151524,4930964475,3.16,214015330100,594519125.0,6811850.0,20251031
900300,487,496,402,410,39207674,17661093925,-15.81,39360911840,-605353754.0,216.0,20251031
045060,2365,2375,2350,2355,45799,107857475,-0.42,39898348770,-1355982.0,,20251031
192410,1634,1668,1537,1640,302121,485943917,0.24,76524979720,-174067365.0,205977256.0,20251031
080520,3020,3130,2995,3055,20326,61925927,1.5,35885890495,-8603890.0,278295.0,20251031
039830,21650,22350,21000,21750,139613,2991986950,0.46,234092857500,-112582450.0,-550.0,20251031
322310,25750,26350,25200,25600,48373,1241687250,-0.58,239783475200,-151620100.0,-2288350.0,20251031
046120,3980,4705,3890,4300,9033146,40293624845,9.55,118032789800,4290265940.0,1415295.0,20251031
475830,45150,47450,44200,46000,495827,22742862075,1.1,973292702000,-2655818500.0,-2052064400.0,20251031
014940,10300,10660,10140,10430,1367006,14286804620,-1.42,475333284230,321654510.0,97927485.0,20251031
065500,2685,2735,2660,2660,405004,1086209799,-1.12,84436145920,-143533818.0,,20251031
010470,5910,6010,5890,5900,49028,289709505,-0.51,70652795000,-41890690.0,5930.0,20251031
417860,13160,14350,13010,14000,49672,690332520,6.79,62310346000,236863630.0,,20251031
352910,4030,4300,4010,4220,57818,240683830,5.5,53331524440,626725.0,8958830.0,20251031
053980,3440,3465,3405,3445,65222,223282135,0.15,65395687435,2294155.0,,20251031
036220,13020,13190,12890,12920,24005,310660160,-1.0,187461654720,20461780.0,-86651290.0,20251031
052420,1608,1630,1494,1572,1167160,1843910655,-2.6,143319985128,254889255.0,351430.0,20251031
052300,2340,2340,2295,2325,71244,164449498,0.0,39211457475,6828683.0,2140525.0,20251031
039200,40250,41400,39800,41000,217096,8835732125,2.5,1568462216000,-862849050.0,1129459625.0,20251031
226400,7280,7300,7140,7200,162522,1170004130,-1.1,148763527200,333921050.0,-41882620.0,20251031
031510,1002,1004,991,994,23337,23218439,-1.0,27832000000,-158192.0,,20251031
342870,9730,9780,9150,9650,23852,228944835,-0.72,52521273350,16329320.0,,20251031
368970,2045,2115,2035,2045,30785,63352387,-0.73,19112897200,2265760.0,-14569575.0,20251031
138080,14700,14860,14200,14500,195273,2824555415,-3.53,158938632500,-347668185.0,-90.0,20251031
080580,9600,9600,9130,9250,291276,2712636470,-3.65,183169434250,-175641970.0,-4345815.0,20251031
067170,1775,1798,1771,1772,22557,40103681,-0.17,42335924060,-1707537.0,,20251031
353590,2765,3590,2765,3590,911377,3169606673,29.84,46223296300,7847290.0,-7180.0,20251031
173130,6290,6340,6250,6260,25665,161161545,-1.26,81670920980,-7215805.0,,20251031
440320,4100,4125,4000,4065,41701,168801115,-1.33,39958950000,30437160.0,,20251031
049480,2470,2535,2470,2510,234663,588947823,1.01,78870181330,186489813.0,,20251031
394280,12950,13030,12670,12820,105415,1347853190,-0.62,282456252580,39380620.0,104845540.0,20251031
476060,17800,19290,16980,17140,1190056,21635523520,-2.78,190455566400,-1562575950.0,-104104640.0,20251031
382150,7850,8290,7850,8180,67022,545394350,3.54,98306724660,87339020.0,,20251031
244460,0,0,0,1651,0,0,0.0,8980622755,,,20251031
226950,105000,121000,104200,118500,2406143,276649509550,15.5,2383601785500,44754693300.0,9758412050.0,20251031
057540,805,805,790,792,160613,127381740,-1.0,47083889160,-2563632.0,1376940.0,20251031
131030,6890,7140,6840,6980,111310,778732830,1.6,112749070760,62875500.0,,20251031
082210,1861,1938,1850,1928,95083,180113668,3.27,63994897072,-49562962.0,,20251031
109080,9300,9400,9110,9240,21229,195915250,-0.65,52076640000,-15951750.0,,20251031
380540,1961,1978,1765,1843,1186392,2184240263,-7.39,89262647463,-106246580.0,,20251031
153710,5060,5100,4945,5030,18617,93661790,-1.37,73789888740,-1507630.0,,20251031
432430,4720,4745,4640,4645,48619,226674075,-1.28,76681146400,-14408620.0,,20251031
338840,19830,23650,19730,22850,1389061,30844074350,14.94,341588785850,4521628360.0,1826162325.0,20251031
122990,5630,5800,5550,5650,110857,627431520,-0.35,156344161450,-41412830.0,-145583445.0,20251031
232140,14400,14750,14060,14580,699783,10091339860,1.25,1196221203000,-129410705.0,752652305.0,20251031
112290,23800,24000,23350,24000,99457,2354413800,3.45,242653080000,-192207275.0,42124200.0,20251031
065530,1396,1410,1380,1395,56651,78565789,-0.07,66735068805,9461615.0,,20251031
067900,6110,6110,5970,6000,71388,429591020,-1.15,109197954000,32499340.0,-160135570.0,20251031
007530,2780,2850,2770,2795,11147,31178426,-0.18,62200575645,1428640.0,,20251031
155650,3575,3610,3495,3510,52840,186438770,-0.85,68354996580,-18732905.0,,20251031
273640,8930,9090,8850,8910,19554,175248165,-0.67,97707060000,4903055.0,-60.0,20251031
251370,13000,13170,12790,12930,69703,899920970,-0.77,227878449300,-1361820.0,-60922050.0,20251031
209640,3020,3035,2955,2970,173164,518408170,-1.66,84476143620,-65792996.0,-9096900.0,20251031
096250,12810,13450,12790,13370,92172,1222713135,4.7,175100686320,300525980.0,237608490.0,20251031
273060,1082,1091,1037,1039,568422,597231061,-4.06,52427505698,72476742.0,,20251031
019210,5080,5130,5050,5070,66623,338659905,-0.2,170219262330,-100137070.0,-98102010.0,20251031
122870,91700,92900,90700,91500,263851,24104284050,0.0,1710230983500,5956677000.0,-10165342250.0,20251031
079000,5550,5550,5410,5410,2021,11064990,-2.35,38952000000,1101710.0,7270.0,20251031
403490,1668,1668,1620,1641,186501,305538882,-0.24,74749952424,4024100.0,94820.0,20251031
032820,5280,5290,4795,4820,24890681,122373681390,-8.02,801430755620,-41119681259.0,-86062866.0,20251031
041190,9020,9080,8890,8990,652590,5860743450,-0.55,755160000000,-786605690.0,297523830.0,20251031
115440,7350,7380,7250,7340,97165,710189450,-0.14,79230103280,64002470.0,38722190.0,20251031
046970,1329,1341,1306,1316,345284,454381398,-0.83,57673698684,-120453469.0,,20251031
082850,2110,2140,2095,2115,275552,579745972,-0.47,102485662470,-16772565.0,-23320.0,20251031
215360,8520,8810,8520,8630,46531,404156310,1.29,78810566690,-43235910.0,146210.0,20251031
072470,3645,4020,3645,3700,1104417,4274849663,1.93,69883161700,-66347364.0,0.0,20251031
073560,1424,1438,1413,1420,222530,316534088,-0.28,98317453060,44902846.0,-12605819.0,20251031
037400,1008,1014,1008,1009,15646,15823242,0.1,26459356114,-3057773.0,-731912.0,20251031
153490,667,680,663,671,14458,9714779,0.6,34543080000,-532497.0,,20251031
101170,6470,6590,6310,6540,461938,2996832755,3.32,88290000000,10257365.0,12930.0,20251031
066590,2835,2935,2835,2905,95482,276450285,2.47,112359406985,44947610.0,-12776640.0,20251031
103840,3760,3760,3640,3645,129716,478266187,-2.02,59655630060,-21315755.0,,20251031
101970,14480,14480,13970,13990,19658,278378620,-4.18,206912225910,-168420590.0,-396950.0,20251031
046940,2880,2920,2850,2890,55812,161143670,0.35,52234871500,5838570.0,,20251031
215380,1818,1900,1790,1878,285785,533096931,4.68,31605943728,75617621.0,,20251031
065680,40900,40900,38200,38350,53383,2078134775,-6.23,354372062850,-705232300.0,65207825.0,20251031
018620,874,878,858,875,33747,29367221,1.86,25278131375,-2593453.0,,20251031
457550,24700,25650,24000,25500,268280,6710063575,3.87,236419144500,1582229250.0,81509200.0,20251031
396470,7730,7740,7640,7650,23464,180060580,-0.26,123318000000,-53327910.0,,20251031
307280,5040,5040,4960,5000,27966,139376005,0.0,35473135000,10281655.0,0.0,20251031
032940,8330,8390,8060,8130,411059,3368129795,-3.1,147910959900,-261886965.0,,20251031
240810,64200,65400,63100,64200,322203,20631154700,-1.23,3151186444200,-3035355250.0,5069498400.0,20251031
074600,23500,23750,23200,23450,114589,2682523125,-0.85,616453600000,-166398750.0,369145025.0,20251031
104830,32850,33250,32100,32450,115362,3740125825,-3.13,409129600000,51222950.0,-1115312200.0,20251031
014190,1491,1491,1459,1469,350802,542460791,-0.27,52002461914,-32330110.0,246780075.0,20251031
217820,3970,4000,3775,3825,593842,2294560087,-3.65,181513688175,-60351078.0,60688795.0,20251031
030530,28000,29150,26100,27400,2985784,81332921800,-3.86,2116320679400,-973212625.0,-285968475.0,20251031
012620,7520,7600,7470,7600,9514,71444740,1.06,33440000000,1860520.0,-11349170.0,20251031
136150,24450,26000,23300,26000,971601,24215295800,8.79,217906780000,72610525.0,298617600.0,20251031
382840,9240,9290,9050,9200,42620,391999720,-0.43,140498545200,5204320.0,-653110.0,20251031
336570,8500,8610,8420,8500,479073,4076020610,0.24,764735624500,-996375725.0,1119206190.0,20251031
376980,3945,3970,3815,3855,67229,259881424,-2.28,37649448870,-26553895.0,60.0,20251031
008370,5160,5250,5090,5150,4568,23602805,-0.19,61800000000,1366110.0,-3291460.0,20251031
008290,527,529,502,502,43862,22225671,-0.79,20428226858,1130409.0,,20251031
101160,25500,25750,25100,25200,132598,3361279550,-2.7,416077023600,1247944200.0,-4610925.0,20251031
336060,1018,1059,1013,1053,571258,592340106,3.44,50707425600,47740571.0,,20251031
095270,5240,5290,5020,5020,57951,299289625,-1.57,72149478120,40407025.0,,20251031
289930,8400,8440,8200,8390,34570,287077545,0.36,105039385270,-54124965.0,-13272480.0,20251031
065950,1708,1715,1650,1700,113673,191806812,-0.47,47993213400,-18416989.0,,20251031
076080,1279,1291,1245,1263,59685,75772086,-1.25,28536419028,-4538980.0,0.0,20251031
043590,691,691,671,671,40641,27546706,-2.89,18208767302,2640447.0,-1764541.0,20251031
196700,1383,1407,1357,1401,58718,81353006,3.17,20124165744,9461290.0,,20251031
069080,12240,12240,12070,12070,55647,675499350,0.08,417632669880,-299821520.0,158621620.0,20251031
053580,11140,11350,11140,11150,26361,295364365,-0.89,152044165200,96042935.0,-2211790.0,20251031
479960,11580,11680,11520,11570,9841,114013670,-1.11,79266070000,-5996150.0,,20251031
377460,0,0,0,4080,0,0,0.0,253187202960,,,20251031
044340,5720,5720,5380,5550,20912,116204810,-0.54,99197508750,-15490050.0,-4219020.0,20251031
330350,6580,6690,6420,6530,222487,1450101210,-1.36,86209967670,434699300.0,80.0,20251031
348350,8700,9160,8500,8790,52845,464904525,1.27,89513844000,-35872370.0,95030.0,20251031
112040,27000,27300,26650,26850,102782,2761466275,0.0,911516768550,-462081300.0,307024875.0,20251031
101730,6740,6870,6710,6710,41955,283915545,-0.89,562320049060,-65125485.0,89983390.0,20251031
123420,8520,8720,8500,8590,38899,332796300,0.82,98525942780,68733550.0,832970.0,20251031
065370,5700,6000,5650,6000,45707,264800985,4.9,44303724000,69774225.0,-12510.0,20251031
038620,565,565,556,559,381180,213411054,-1.06,42332770935,7674090.0,22371295.0,20251031
299900,755,765,745,746,596866,447915550,-1.19,127602467464,-31204853.0,-7618444.0,20251031
036090,666,683,664,666,414038,276967403,0.0,78849261144,-294660.0,,20251031
459100,8140,8170,7850,7950,129650,1037740415,-0.5,100503900000,27097490.0,65472190.0,20251031
136540,12110,12370,12070,12100,13667,165675810,-0.49,148584926600,-62077470.0,30978190.0,20251031
097800,600,624,585,617,797599,484178602,2.83,84189791293,-34634861.0,,20251031
192390,2340,2370,2305,2315,19455,45181675,-1.07,25539610135,-10200.0,,20251031
335870,1783,1821,1710,1760,79395,140197262,-1.29,29480832480,-19436167.0,,20251031
900340,1014,1018,969,970,548697,544591412,-5.46,48821000160,8957597.0,,20251031
036200,9980,10010,9870,10010,242653,2414239505,0.0,306948872230,333945750.0,20896765.0,20251031
018000,1220,1242,1195,1220,1799709,2187816065,0.74,270491302040,-299751589.0,14910063.0,20251031
203450,2980,3025,2955,3010,13793,41350920,0.84,42377811070,-9423540.0,,20251031
011320,3880,3925,3835,3915,63848,249244270,1.29,75640520925,29798960.0,-20.0,20251031
086390,20000,20450,19660,20300,543700,10919853440,-0.49,429022757800,-2880307875.0,2285541430.0,20251031
241690,3240,3290,3150,3150,93931,300238383,-3.37,77082723900,6137878.0,,20251031
142210,5660,6060,5660,6030,308586,1830498930,6.73,126690728130,341014465.0,-25943710.0,20251031
389680,569,573,561,568,151747,85900609,0.0,23624520120,13708886.0,,20251031
088340,12600,12990,12510,12940,35645,457190310,1.57,56393399920,10414070.0,,20251031
048430,7970,8030,7890,7950,23991,190385120,-0.25,91584000000,-92930480.0,,20251031
206650,12340,12480,12060,12350,201784,2477701910,-0.48,452309314600,-474900050.0,-43145750.0,20251031
089850,5870,5930,5820,5860,68884,403461970,-0.85,86318966140,-87591510.0,-1153100.0,20251031
084440,1070,1085,1039,1041,24057,25489063,-2.71,20521024800,-6084284.0,,20251031
032620,3510,3615,3510,3575,82526,294905420,0.99,186604771925,83173635.0,1169010.0,20251031
264450,8840,8840,8670,8800,13289,116389015,-0.45,131281770400,-347225.0,-10239500.0,20251031
078070,10800,10800,10470,10720,17096,181132130,-0.74,188723155840,-39017320.0,-22170690.0,20251031
024800,2295,2385,2280,2325,28996,67061185,1.31,86145462900,-4506700.0,-15917880.0,20251031
054930,21200,21200,20950,21100,4625,97320450,0.0,63300000000,-12140500.0,-300.0,20251031
069330,1092,1105,1087,1100,33475,36619380,-0.99,15610200100,-772918.0,,20251031
049520,3110,3140,3100,3125,25942,80872020,0.64,100773137500,-11520940.0,34375.0,20251031
444920,2085,2087,2080,2085,11600,24164477,0.48,10925400000,375300.0,8342.0,20251031
446150,0,0,0,2305,0,0,0.0,10994850000,,,20251031
450940,2100,2100,2090,2095,7090,14861295,0.0,9511300000,-27235.0,0.0,20251031
473050,2040,2045,2030,2045,27654,56380480,0.74,14335450000,322865.0,30978020.0,20251031
474490,2020,2020,2017,2020,2244,4530960,0.0,11130200000,0.0,0.0,20251031
493790,2000,2005,2000,2000,4715,9447790,0.0,10620000000,0.0,0.0,20251031
263770,2000,2000,1967,1986,11131,22055587,0.3,47068541592,1814518.0,,20251031
388720,83300,90800,80500,87400,894846,75756966450,9.25,1022299883000,31712801500.0,747026150.0,20251031
340930,2475,2555,2475,2490,625769,1573500715,0.61,85169080500,2476380.0,-19960000.0,20251031
023410,3370,3415,3330,3345,171539,574426201,-0.74,258604836735,-247339994.0,21650.0,20251031
056080,13070,13660,12900,13410,2655397,35356025195,5.59,503037958320,4506065395.0,200301395.0,20251031
468760,2125,2130,2120,2130,4704,10018345,0.24,9031200000,84960.0,1020050.0,20251031
488060,2030,2035,2030,2035,60,121825,0.0,9605200000,-4070.0,0.0,20251031
084370,95200,97400,94600,94900,135203,12897905150,-2.97,2174732385800,-3314602150.0,1779179650.0,20251031
240600,4170,4190,4135,4140,17115,71194521,0.0,28682545140,-1056305.0,0.0,20251031
221800,3615,3650,3400,3500,47047,164845637,-0.99,39505186000,-2722237.0,,20251031
179900,25400,28150,25100,28150,460056,12450684400,14.43,551160560400,2718923075.0,-1897769050.0,20251031
263050,1373,1398,1349,1364,153240,209328816,-0.66,50242743584,49921868.0,,20251031
191410,1518,1518,1467,1482,38252,56927138,-2.44,16604705910,-1911072.0,,20251031
372170,38300,39200,37800,38000,33042,1271066050,-1.94,303203824000,-143536300.0,-50293550.0,20251031
146060,1234,1247,1220,1238,41413,50957177,-0.72,29731306610,-4127177.0,,20251031
072770,1229,1300,1003,1053,22298636,26496502397,2.23,78040497249,-70029571.0,47302019.0,20251031
039020,4395,4475,4300,4300,93473,406493284,-2.16,97114248700,-35128080.0,10934801.0,20251031
067920,5290,5350,5250,5300,20386,107646600,0.19,58279430700,14240.0,-25656320.0,20251031
044960,4215,4235,4180,4225,54394,228990412,0.24,53411955675,-4426662.0,4225.0,20251031
303530,6010,6200,5900,5940,56575,339398730,-0.67,43595436060,22193060.0,80.0,20251031
296640,5940,5980,5830,5850,14509,85490640,-2.17,30292774200,-11301660.0,,20251031
302430,7790,7900,7660,7760,16265,126526985,-0.39,76305694080,16603805.0,,20251031
462350,15880,16500,15360,16200,82136,1315526180,2.86,152550442800,-177928910.0,536252550.0,20251031
274400,3900,4025,3900,3995,13765,55084315,0.0,36300539535,-6126770.0,,20251031
073490,24300,24500,23150,23400,80432,1890922625,-3.7,177929996400,-110955975.0,119989100.0,20251031
215790,609,610,520,523,2113329,1159101742,-11.36,21068086927,21642795.0,,20251031
344860,1628,1650,1610,1610,24069,39460294,-1.11,19368300000,-1447668.0,,20251031
088390,10990,10990,10650,10870,23619,255260690,-0.64,102024124280,6944840.0,,20251031
272290,24650,25000,24600,24650,87793,2173717925,-1.0,498611769700,-250154825.0,168906000.0,20251031
053350,8970,9050,8810,8870,69359,618824795,0.68,175545424920,128434480.0,,20251031
452400,11250,11330,11010,11010,30489,339629745,-1.17,99876422280,30176220.0,,20251031
264850,5280,5620,5180,5500,2310929,12566189965,7.63,166620366000,746731680.0,,20251031
054210,9200,9260,8700,9100,352365,3165045695,-1.62,230150011000,-6474435.0,-546307840.0,20251031
009730,798,801,779,784,592620,465940559,-1.63,48511702848,29373560.0,,20251031
065440,1863,1940,1805,1879,3602025,6785748897,4.1,51249762580,222543337.0,27013660.0,20251031
424870,5820,5960,5780,5840,858807,5035889920,0.52,433124002960,150291710.0,,20251031
115610,1362,1379,1310,1372,692657,935666587,-0.36,32430702136,-49029498.0,,20251031
478110,2010,2015,2005,2015,1577,3170465,0.25,10115300000,0.0,,20251031
131400,1799,1835,1748,1752,1406613,2495735272,-5.04,104404977264,176043435.0,,20251031
351330,8130,9500,8090,8810,2169598,19552897615,9.44,73021861200,556538430.0,-31510000.0,20251031
080010,6980,7110,6600,6900,43451,300850770,-1.15,67861989900,48976120.0,-17067960.0,20251031
086890,4995,5020,4865,4895,162904,801541476,-2.0,194169387390,-226956127.0,,20251031
047560,22200,22800,22100,22450,110547,2480516050,2.75,262655840400,305617425.0,114126775.0,20251031
900110,1561,1561,1420,1485,552662,824250206,-6.37,39035813355,242211382.0,,20251031
239340,1930,2075,1930,1960,155524,311840209,1.55,52880082640,70009994.0,,20251031
067010,2525,2550,2495,2530,18391,46314050,0.0,31103820000,111715.0,,20251031
456070,11700,12000,11300,11650,49649,581843740,-0.68,127006028250,18882880.0,220.0,20251031
102710,49050,49900,48600,49650,118544,5849641925,1.64,709391057400,-194225375.0,-446242225.0,20251031
041520,7130,7130,6880,6950,29374,204297610,-1.7,84711673500,-7672150.0,,20251031
063760,1998,2020,1990,1990,33796,67641107,-0.4,18557008700,-4297392.0,,20251031
123570,2020,2020,1992,1997,18081,36151705,-1.14,44485327766,-4829167.0,,20251031
083470,965,970,945,957,306588,292174794,-0.83,20422694853,9905458.0,,20251031
095190,2170,2225,2150,2190,95052,207583325,0.92,142920411780,3251735.0,-16428360.0,20251031
091120,9300,9490,9230,9330,56257,523237370,-0.53,159850292880,-139038030.0,78092270.0,20251031
039030,231500,236000,230500,236000,59800,13979972250,0.85,2907413800000,-2527769750.0,5276752750.0,20251031
294090,0,0,0,1490,0,0,0.0,52267866450,,,20251031
088290,971,1029,964,1000,119079,118469672,2.46,39880364000,9165518.0,,20251031
353810,5880,5970,5810,5880,136114,801499610,-0.84,194521689600,-112895810.0,8339540.0,20251031
099750,15990,15990,15700,15760,10858,171035150,-0.25,107716069760,6000450.0,5911520.0,20251031
377330,3955,3960,3840,3860,30799,119113655,-2.4,31420222440,-1961350.0,15545.0,20251031
035810,3805,3835,3755,3780,164296,620641108,-1.56,243871179300,-170896688.0,-9564295.0,20251031
092130,16550,16650,16430,16530,11850,195680285,-0.12,199080708000,-12379805.0,-8619000.0,20251031
134060,4575,4800,4400,4430,15733,70764280,-4.01,21127777500,2271010.0,,20251031
001840,0,0,0,1616,0,0,0.0,36010355776,,,20251031
041830,27000,29100,26950,28650,200604,5660420700,6.31,386227269300,607010400.0,275139950.0,20251031
352940,2260,2300,2230,2250,2666,5996810,-1.1,24452392500,379160.0,,20251031
079950,504,518,495,504,129894,65715138,-0.2,11692800000,25860.0,,20251031
389470,48300,51700,47000,51000,725024,35910223100,6.36,630822519000,2385695900.0,1469583000.0,20251031
277410,1149,1160,1129,1139,187102,213516575,-0.52,43750704195,-11252154.0,,20251031
060150,4245,4260,4125,4200,116769,491299926,-0.12,195567170400,-61672735.0,121533155.0,20251031
033230,1810,1860,1810,1831,243977,448086524,0.99,92493660780,90997816.0,,20251031
450520,3720,3730,3660,3660,21286,78359945,-1.61,53818755480,1869425.0,,20251031
465480,5720,5800,5680,5750,27065,155451640,0.52,58292189000,23639810.0,-5883540.0,20251031
037330,1400,1400,1352,1375,54348,74670827,0.22,60342183000,-2457395.0,-14518578.0,20251031
100030,19450,19990,19310,19880,29134,576635950,2.63,65280234320,203614100.0,-19880.0,20251031
211050,11930,12130,11850,11970,90286,1084326300,0.76,615016206000,-406684215.0,417036805.0,20251031
083640,302,302,293,295,150081,44450453,0.0,22927503545,-2214988.0,-2383126.0,20251031
064090,1420,1455,1377,1386,255803,357978009,-3.28,68943444570,45059515.0,394378.0,20251031
216050,7230,7610,6750,6830,191584,1347821505,-3.26,87719206260,-310610310.0,771580.0,20251031
049070,15750,16230,15560,16180,82947,1323384465,4.59,278296000000,192497390.0,87942730.0,20251031
119610,17120,17270,16910,17150,19749,335974830,-0.58,211781611300,109759680.0,-228304910.0,20251031
017250,1074,1139,1072,1129,80102,88887725,5.12,23760332243,841784.0,2424508.0,20251031
051370,9220,9310,9150,9250,65214,601028315,0.0,215779116000,-22188225.0,64790.0,20251031
064290,14360,14600,14050,14580,244088,3477131640,1.53,187556565960,928429975.0,-1067770.0,20251031
189300,47950,47950,45100,45200,189023,8619538150,-4.84,485146696800,-3047285925.0,-1754426800.0,20251031
287840,60100,63600,60000,63400,848367,52602121250,5.84,941337840000,-2204084400.0,-2961798200.0,20251031
150840,0,0,0,5850,0,0,0.0,251537720850,,,20251031
048530,3375,3650,3320,3320,444527,1519632671,-1.63,113380529840,-29630684.0,6800.0,20251031
115310,66000,67500,65800,67000,1449,96490500,0.45,213923161000,-1408500.0,500.0,20251031
039290,5780,6040,5640,5960,57243,337648605,3.65,51816108880,5005160.0,11570.0,20251031
071200,0,0,0,5860,0,0,0.0,142963243880,,,20251031
101930,59600,61500,55100,59900,33559,2012926200,0.5,553049631800,384670250.0,225100.0,20251031
333430,8000,8340,8000,8060,470938,3835328475,-1.1,247657580820,57510030.0,,20251031
068330,1453,1500,1453,1462,102962,151758825,-1.02,64643996680,34658839.0,,20251031
178780,2920,2925,2865,2925,20718,60105385,0.17,51974895375,-12996690.0,,20251031
019540,3990,4040,3950,4005,40218,160812387,1.01,54121567500,6341220.0,-10006910.0,20251031
094820,11390,11390,11030,11100,77366,862643520,-1.51,167373669900,-205898240.0,47012490.0,20251031
950140,12300,12360,11980,12170,72144,876663645,-1.06,241791929220,65563765.0,-202399710.0,20251031
049550,2975,2990,2950,2960,19493,57564570,-0.5,58034579920,1828880.0,,20251031
389020,45000,45050,42350,42950,180276,7802659725,-7.44,266192503500,-519838025.0,540080600.0,20251031
254120,1427,1427,1384,1388,81265,113715086,-0.43,42686926760,-3245730.0,,20251031
043910,619,640,610,620,900388,559631984,0.16,70302703340,57390106.0,19380111.0,20251031
234920,0,0,0,5310,0,0,0.0,71849132100,,,20251031
289220,5100,5200,5010,5060,40786,206708670,-0.98,112899838260,9258210.0,-4189660.0,20251031
174880,0,0,0,2650,0,0,0.0,11610352250,,,20251031
049630,1011,1193,1011,1068,39705787,44480006477,4.6,108713663760,-2337318815.0,-81654566.0,20251031
417840,10860,10950,10540,10580,69387,739579950,-2.58,76839895000,137699770.0,-74985630.0,20251031
110020,2950,2950,2815,2855,34786,99531135,-2.06,25862765510,-5215810.0,,20251031
208140,2650,2655,2600,2625,161739,426011107,-0.94,85796145750,-74279265.0,-11494125.0,20251031
040420,6240,6240,6200,6230,14902,92595985,0.32,97671148960,-4094045.0,-4464860.0,20251031
045510,1026,1045,1013,1037,43722,45154742,1.07,33401035804,4061334.0,0.0,20251031
217190,8800,8800,8510,8620,35829,309467900,-2.05,75590279880,25391980.0,-458985.0,20251031
095700,5070,5300,5050,5180,256485,1334405360,2.17,235899758920,414009690.0,84932680.0,20251031
122310,4820,4840,4710,4765,47131,225137475,-2.26,69349066660,12619820.0,-29024725.0,20251031
361390,17070,17400,16730,17250,34999,600633315,1.35,151813610250,-16796430.0,120178015.0,20251031
225220,2220,2250,2180,2185,48272,106510012,-2.46,41930195885,-6571703.0,,20251031
123330,19290,21500,18960,21500,133374,2756483845,11.46,171326620000,-223850610.0,344225390.0,20251031
381620,16460,19200,16410,18330,11515245,207913473075,15.65,240451473600,8585352495.0,-20200.0,20251031
159580,4075,4115,4015,4015,54702,222219630,-1.47,80431033540,5975585.0,0.0,20251031
147830,6350,6520,6310,6470,139568,896771945,1.25,129400000000,83122740.0,,20251031
033100,39000,39750,38000,38900,216812,8445608800,0.65,624827710100,-235544250.0,1585456125.0,20251031
079370,15450,15580,15350,15480,153732,2374162865,0.26,480143005200,403393130.0,210914190.0,20251031
054950,28500,28750,27800,27950,198011,5584418025,-0.36,337912481400,-2021420500.0,-350401300.0,20251031
023440,1383,1432,1364,1410,311477,437958195,1.95,124948622040,63296815.0,,20251031
090470,3300,3340,3250,3250,48994,160467120,-2.4,56798930500,-49759345.0,,20251031
137950,3280,3345,3245,3260,46077,150442085,-0.61,72593073640,-40478675.0,3300.0,20251031
033320,4560,5010,4560,4970,322845,1558476569,8.99,94998727040,4049268.0,-9660.0,20251031
417500,3000,3085,3000,3045,126430,383078575,0.83,99829545480,39330460.0,,20251031
204270,26650,27850,26500,27150,382376,10372735300,6.68,1570585851900,971840350.0,395891900.0,20251031
127120,20750,21450,20150,20950,284056,5941364950,1.21,629187348550,-1416738750.0,1134430400.0,20251031
026040,2945,2985,2765,2795,591946,1691290175,-5.41,46128093050,88760509.0,-62520355.0,20251031
452160,7390,7460,7280,7280,60587,444294875,-1.62,70015596560,-21452155.0,,20251031
126880,4500,4560,4300,4435,242665,1062604383,-1.44,102913744805,-141633588.0,275575.0,20251031
322510,5660,5660,5480,5490,45357,250666865,-0.9,140153617080,-58143340.0,-5490.0,20251031
033050,787,801,780,785,35857,28259740,-1.01,25574783470,605161.0,,20251031
094970,2585,2635,2555,2635,115434,300594960,2.53,44131612400,-32343525.0,,20251031
418550,8860,8920,8570,8590,101365,885019895,-3.7,275031811070,269900935.0,18604620.0,20251031
060230,0,0,0,339,0,0,0.0,25004393547,,,20251031
420570,8770,8770,8550,8650,8405,72393860,-1.37,50580727950,199880.0,,20251031
089790,4830,4830,4750,4770,57177,273091390,-1.24,49204997010,-9245055.0,,20251031
0010V0,19850,20000,19080,19330,177694,3464934475,-2.62,98687382000,-339905260.0,-280018860.0,20251031
052670,0,0,0,2080,0,0,0.0,60588453120,,,20251031
412540,0,0,0,3935,0,0,0.0,81063616775,,,20251031
199820,11000,11450,10840,11130,587907,6595099685,1.37,247308600000,85227225.0,9277690.0,20251031
038010,6530,6610,6500,6550,16429,107481740,0.46,58950000000,-16304130.0,-12332870.0,20251031
080220,20350,20550,20100,20550,436518,8887401475,0.49,707800218150,619816975.0,-841581900.0,20251031
216080,5800,5870,5730,5810,66975,388240540,0.17,208337989580,-92859070.0,-873470.0,20251031
337930,4525,4580,4525,4575,77760,353524678,0.22,135769873125,11308593.0,214020.0,20251031
229000,1514,1550,1488,1488,66886,100681243,-0.47,23983325088,-1735783.0,,20251031
082270,45500,48700,44200,48250,271357,12731301550,10.67,2045336462250,2861579250.0,1074842850.0,20251031
034940,1094,1117,1080,1095,34893,38361477,0.09,33922910565,-1634747.0,,20251031
067000,1939,1955,1835,1876,225616,429622777,0.0,131138864696,34447397.0,2928735.0,20251031
309930,2745,2795,2660,2720,15089,41077302,-0.73,66604770560,-12855342.0,,20251031
033340,1700,1765,1669,1677,4754020,8117302234,-2.27,162586085766,544730417.0,,20251031
036930,31050,31150,30500,30700,243746,7485456325,-0.97,1451137454700,-2756764850.0,1192222650.0,20251031
072020,9720,9780,9610,9770,19970,194102485,1.88,94365371990,-7258950.0,9963560.0,20251031
000440,15530,15550,15380,15430,8978,138529460,-0.71,96084615900,12029790.0,110.0,20251031
051980,3735,3970,3735,3735,1749022,6690322595,-2.86,414927533115,253070700.0,-22528910.0,20251031
228760,19680,21550,19540,21050,188855,3967375380,7.02,513128314100,1183454240.0,-21300.0,20251031
314130,3280,3320,3060,3200,712807,2260447074,-0.47,99473648000,-104206699.0,,20251031
389030,2050,2370,1999,2205,2490510,5548023727,9.43,73540818225,180491155.0,,20251031
263860,21250,21250,20650,20850,33723,704590450,-1.65,189309660000,179955925.0,-217223775.0,20251031
303030,780,795,777,791,39473,31094606,1.41,29325287999,-865411.0,,20251031
036180,0,0,0,577,0,0,0.0,53929030348,,,20251031
208350,3120,3200,3080,3175,32167,101555765,0.79,26992484750,-6439640.0,1521590.0,20251031
446840,1690,1724,1672,1699,87383,148247041,0.53,93890635807,4090625.0,17017057.0,20251031
144510,21700,23200,21550,22950,96382,2175201475,7.24,362617894800,-74795625.0,9500675.0,20251031
340450,7150,7200,7090,7120,42221,301219440,0.14,168393646160,69458210.0,,20251031
358570,15150,15440,14950,15100,553144,8397997035,-0.33,961474425300,-434944610.0,-250609860.0,20251031
382480,2190,2205,2150,2200,191865,417904379,0.46,86585708000,78777223.0,-11283790.0,20251031
382800,2895,2945,2875,2900,72674,210985790,0.17,92310018900,9941112.0,,20251031
051160,7160,7180,7000,7000,68885,486825100,-2.23,108321010000,-63952225.0,28550.0,20251031
053050,2615,2630,2590,2600,160265,417459626,-0.57,77967752200,-130661757.0,15.0,20251031
388610,16720,16760,16300,16310,61884,1017344180,-1.51,85681469790,-19961585.0,-609390.0,20251031
119850,39950,41650,39650,40700,825456,33580751225,3.56,669470596300,-331709825.0,4051756825.0,20251031
065060,809,818,797,801,53721,43142393,-0.99,19064444004,-3289103.0,-2975423.0,20251031
204840,1219,1219,1180,1201,113707,135779289,0.92,92735462406,-32957199.0,,20251031
311320,6960,7170,6920,6940,12888,89801330,-0.29,87545046400,-15682500.0,80.0,20251031
456160,172400,172400,165100,167000,628177,105383486200,-5.6,905060174000,-3553123700.0,-3091179200.0,20251031
388050,8740,8790,8560,8670,258080,2237123435,-0.46,162210818790,-339630040.0,30646330.0,20251031
018120,18350,18360,18140,18320,4159,75984055,-0.16,121298918400,-3533880.0,-6549900.0,20251031
109820,2460,2500,2445,2470,78237,193195450,0.41,50372290800,57926275.0,,20251031
086060,3910,3980,3870,3950,9938,39063783,1.15,34011818650,-5150450.0,,20251031
036890,13230,13380,12900,13070,167455,2189865050,-2.32,287966382610,-454372415.0,466580940.0,20251031
363250,5990,6070,5940,5960,9284,55419240,-1.65,41975076080,-6914150.0,,20251031
007370,5390,5470,5380,5450,16056,87001195,0.93,72260242000,28206065.0,,20251031
285800,1935,1947,1857,1908,146037,274503640,-0.63,33346631160,-4175213.0,,20251031
085660,12050,12420,11970,12290,334764,4104920535,2.42,939277789070,-1190116315.0,409515870.0,20251031
261780,2695,2765,2690,2725,27722,75573930,0.74,73207795350,-27451760.0,,20251031
351870,5720,5780,5500,5590,8103,45493560,-1.41,62387988780,2454140.0,,20251031
094850,5910,5940,5830,5870,93400,549175560,-0.34,82180000000,38752780.0,-12029580.0,20251031
004650,9790,9790,9640,9680,19627,189816095,-0.31,88967766800,-41799630.0,4279020.0,20251031
278280,68600,73100,68300,72100,122584,8721441950,1.26,721000000000,-2028149750.0,2202789150.0,20251031
362320,8360,8390,7960,8040,866399,7004155170,-5.19,169252371600,-103282950.0,-176880.0,20251031
066360,764,978,746,747,14434701,12698907788,-0.8,35820155205,-78029431.0,-25463632.0,20251031
047820,5450,5570,5400,5410,65137,356137720,-1.46,132295761300,15967095.0,,20251031
094360,15930,16350,15840,16320,113542,1832025885,2.51,346786519680,372352380.0,283364460.0,20251031
016920,1108,1127,1095,1108,89492,99427048,-0.18,29354840104,-2220212.0,-1776767.0,20251031
284620,0,0,0,1087,0,0,0.0,35965517911,,,20251031
293490,16040,16310,16040,16110,147863,2390019735,0.44,1446467136210,-402214515.0,494539630.0,20251031
140430,2070,2195,2040,2150,184409,397579252,3.61,41069770850,-78452587.0,,20251031
042000,36750,36850,35800,35850,87010,3148061775,-2.05,869471985900,-1042774700.0,386382925.0,20251031
313760,1830,1889,1810,1837,49918,91965341,0.27,20587600682,13522455.0,,20251031
317530,4500,4770,4500,4645,12190,56385477,3.22,46633263830,-8305077.0,0.0,20251031
071850,1606,1627,1567,1625,7879,12725334,-0.31,39424024250,-169565.0,,20251031
198080,2050,2050,1990,2030,243491,500894796,-1.22,43716425550,-17508472.0,-83300260.0,20251031
210120,1784,1959,1695,1902,1198807,2181287221,6.61,44854114710,55646004.0,-77811.0,20251031
050110,700,726,696,700,253049,178014936,0.0,51676882600,65649762.0,-3025609.0,20251031
452300,2670,2740,2660,2670,54157,145520885,-0.37,37699078350,-2720505.0,,20251031
451760,8500,8910,8400,8690,177237,1523073610,1.76,132541583240,416512750.0,-793632420.0,20251031
900310,775,779,700,700,3431052,2492037892,-13.58,44829172500,7001809.0,,20251031
078340,34000,34500,34000,34100,28085,962061700,0.29,434357445500,-175578450.0,186527650.0,20251031
063080,20000,20300,19960,20100,13054,262082965,-0.25,132563359200,-44184995.0,3375600.0,20251031
307930,5460,5590,5430,5570,42242,233706610,1.09,86947700000,16170460.0,-10.0,20251031
079190,494,509,485,495,211989,105970505,0.2,18985979430,-4658661.0,,20251031
263700,3900,4005,3885,3975,30256,119102145,2.32,77171445000,-20757915.0,-664405.0,20251031
214370,62600,65600,62600,64900,86542,5607996900,3.84,3486103500000,-49896150.0,484998650.0,20251031
221980,10220,10250,10160,10220,2652,27049590,0.2,41235656000,-459500.0,-18146010.0,20251031
038530,246,289,239,258,8100484,2148008928,4.88,29854301526,-72021619.0,,20251031
192250,11600,11840,11470,11470,26177,303659665,-1.12,81059923750,52593960.0,,20251031
431190,4590,4950,4585,4780,131541,627654930,4.14,35785192760,152714881.0,-7114770.0,20251031
115500,11400,11570,11250,11440,79247,903426990,0.0,137280000000,104475710.0,11450.0,20251031
089150,3530,3580,3510,3510,60885,215314364,-0.43,60196500000,71913205.0,15.0,20251031
025880,2595,2600,2570,2600,33208,85791624,0.78,43461230800,-3505712.0,,20251031
093320,93300,93400,90300,93000,11505,1057562250,0.0,453840000000,195946050.0,13411700.0,20251031
093640,3995,3995,3760,3800,118369,452182808,-2.69,123970633800,-145769883.0,,20251031
073010,5890,6030,5880,5880,432139,2569301480,-1.18,236324550000,-3931705.0,,20251031
105330,5710,5850,5390,5650,57480,315521085,0.18,90739158200,-65376755.0,,20251031
053080,11550,11570,11410,11480,36004,412881120,-0.61,149237784360,-105406300.0,,20251031
199430,27400,28050,26250,26650,656718,17689929250,2.3,290410726450,-485669550.0,475.0,20251031
432470,11420,12100,11310,11310,30240,346693500,-0.88,99206298360,-69123100.0,,20251031
272110,26000,26450,25600,26050,126807,3292134825,0.19,209061539750,150824125.0,81026450.0,20251031
039420,2840,2855,2800,2800,54109,152779495,-1.41,67633244000,-35008030.0,-1726560.0,20251031
083550,3225,3230,3170,3180,8621,27499095,-1.4,41183820660,-598435.0,,20251031
032500,18000,18000,16690,17010,912149,15697513450,-9.04,693064506330,-3784871710.0,1031395385.0,20251031
225430,620,640,602,640,58632,35784161,3.23,17847712000,-489833.0,,20251031
102370,3865,3960,3820,3960,130777,508295065,1.28,107827671600,62205050.0,-30.0,20251031
068100,3035,3185,3000,3155,74358,232170140,3.95,31359482170,9504530.0,,20251031
106080,1744,1839,1601,1653,1046128,1774357122,-3.62,45752314203,-63701417.0,327677.0,20251031
455180,5330,5610,5210,5410,197118,1064911150,1.69,68261767820,107163725.0,,20251031
036030,5310,5400,5290,5390,45459,242985410,1.51,264213935370,14056100.0,-9774190.0,20251031
064820,13600,14320,13570,14090,427346,6004308510,2.1,435405347520,-64121160.0,-73155665.0,20251031
024880,5370,5420,5310,5370,63433,338836600,0.19,111066625260,1681820.0,-5165480.0,20251031
042040,230,230,220,220,880721,196868150,-4.35,42932026280,-20055204.0,-10449147.0,20251031
054410,3515,3550,3460,3465,4477,15681310,-1.42,19842128460,817545.0,-100755.0,20251031
258610,1717,1788,1697,1701,86092,148597282,-0.93,45564913233,11981259.0,,20251031
274090,10960,11790,10790,11650,228652,2612289895,6.49,152670337500,422901325.0,286398520.0,20251031
089010,34900,36050,33950,34950,1312721,45962816125,0.14,555157892700,935545700.0,-8450204175.0,20251031
220260,4105,4125,4070,4080,80506,329400150,-0.61,108357892560,-53811192.0,53340.0,20251031
052400,48700,49400,46600,47100,265376,12621964150,-3.09,685931006100,-3408766950.0,426468625.0,20251031
402030,25700,27650,25500,27200,133200,3574099950,7.72,313275673600,622114275.0,51379800.0,20251031
391710,2840,2970,2660,2775,5874495,16677359314,0.91,116730613650,290814817.0,,20251031
046070,0,0,0,10280,0,0,0.0,159196994920,,,20251031
047770,2520,2595,2480,2535,2879616,7284468048,-0.98,95930996070,491296314.0,25300000.0,20251031
080530,1116,1328,1116,1160,1094760,1361531487,3.94,64392615000,-66013278.0,,20251031
104540,5100,5120,4975,5030,52546,264430575,-0.98,64312272200,-1806140.0,,20251031
027050,2710,2715,2565,2595,3015340,7898871829,-7.32,103800000000,55847816.0,,20251031
190650,6830,6830,6780,6800,12334,83926670,-0.44,43438400000,-5291810.0,-9753180.0,20251031
123410,6070,6210,5990,6000,543833,3310087035,-0.66,167046384000,-17358445.0,-526801850.0,20251031
036690,0,0,0,2885,0,0,0.0,45885746130,,,20251031
049430,10610,10680,10490,10520,23341,246586330,-1.59,95184960000,-84822690.0,-8744300.0,20251031
183300,112300,113400,108700,110700,137776,15265066150,-2.29,1157997718800,7063103350.0,-4355974850.0,20251031
041960,6070,6220,6020,6040,128942,782346105,-0.33,443610820000,50465095.0,-75190410.0,20251031
089890,28500,29600,27750,28900,82981,2399241375,1.23,479305401800,-24238950.0,226287475.0,20251031
360350,7450,7600,7350,7480,6453,48097320,0.54,42673175600,-9418990.0,-261750.0,20251031
082660,0,0,0,480,0,0,0.0,47827617120,,,20251031
222040,3175,3175,3050,3050,49333,153074527,-2.87,62915400000,10623880.0,,20251031
241710,67700,67800,65500,66100,52594,3512631000,-1.05,705948000000,-911882550.0,1160178750.0,20251031
355150,13740,13930,13200,13400,46347,624806545,-1.47,104484490000,-163331960.0,-17828800.0,20251031
166480,1543,1658,1543,1550,637813,1020506401,-1.15,50949082800,270787786.0,7138328.0,20251031
045970,6310,7050,6310,7010,738137,5006993985,11.09,184467280760,-43049505.0,,20251031
196450,821,858,817,849,105212,87982399,3.66,38476325118,16456773.0,,20251031
384470,4010,4295,4000,4070,379843,1578073237,1.37,73043036440,26600197.0,,20251031
102940,31950,33900,31750,32800,35218,1155195200,2.66,407487093600,145256475.0,100.0,20251031
950160,44200,45500,43200,44800,236712,10559300375,2.17,3728312672000,1132637025.0,-213269700.0,20251031
033290,1983,1995,1950,1951,99428,195054346,-1.61,109560943251,-11225927.0,-981801.0,20251031
056360,5740,5790,5670,5720,103012,590184255,-0.52,56037696000,155388885.0,-16650.0,20251031
282880,17020,17300,16900,17150,89554,1536350580,1.54,196699695500,105570765.0,-206125.0,20251031
121850,603,617,601,606,109126,66374745,0.5,18552190050,1609014.0,,20251031
448710,17570,18000,17450,17640,41800,742212885,0.51,92796789960,28126865.0,-45875320.0,20251031
126730,13750,14400,13610,13870,66785,919952275,0.73,117942990200,6212155.0,-1792180.0,20251031
015710,3760,3810,3705,3750,24420,91412697,0.54,65739375000,-4613435.0,,20251031
052330,8520,8600,8450,8600,9795,83425500,0.82,152749665400,-4539650.0,-8078730.0,20251031
322780,1642,1642,1388,1420,1602327,2359566827,-13.41,58593881740,-522057830.0,58053724.0,20251031
200130,14000,14040,13860,13870,58702,817442450,-0.29,407993789460,-44821040.0,107133730.0,20251031
294570,35750,35850,35000,35200,36127,1277569875,-1.12,355228966400,20251800.0,-14271300.0,20251031
317690,4290,4385,4175,4175,161565,687119611,-2.68,81734062675,-69413708.0,-101654017.0,20251031
227100,0,0,0,612,0,0,0.0,14770119384,,,20251031
432720,16790,16790,16290,16620,122211,2019196410,-1.13,234219211440,463372570.0,0.0,20251031
365270,5350,5570,5260,5460,290895,1573442090,2.25,114709986300,-654082130.0,,20251031
348080,901,920,880,890,233039,207227368,-1.22,65737948960,-32491828.0,,20251031
060280,10720,10750,10330,10550,439603,4632867835,2.93,433499394500,-888777610.0,253873020.0,20251031
372320,36750,38400,36600,37550,33109,1245746200,0.67,541944655700,231914900.0,39058700.0,20251031
051780,1441,1460,1368,1372,400512,560128210,-3.65,31888360140,-33954770.0,,20251031
115180,18840,20500,18710,20050,330581,6578379665,6.42,699507006500,-1245118995.0,2090079170.0,20251031
445680,70200,77700,68700,75700,451526,33472338800,8.92,1293413303700,-1388762400.0,-264724700.0,20251031
182360,14770,14860,14520,14600,34663,506593360,-1.15,227027795400,-97833790.0,-31207980.0,20251031
405100,16300,16300,15940,16090,55109,883861520,-0.56,197734853090,120068120.0,16010.0,20251031
066310,7370,7470,7180,7190,31855,229893910,-1.78,66662954990,-68117480.0,-50.0,20251031
016600,255,255,252,252,207834,52472169,-0.4,44918272224,-1548521.0,-3678435.0,20251031
355390,5250,5720,5250,5560,266848,1481840995,4.71,75633658560,175212150.0,-2546640.0,20251031
096240,12770,12950,12710,12820,24445,313063880,0.39,142791467600,-50074780.0,87619630.0,20251031
040350,311,325,295,299,822033,250234720,-1.97,58366391278,-7363579.0,,20251031
110790,4240,4325,4225,4225,7155,30465235,-0.24,98995806000,-5170220.0,17080.0,20251031
900250,817,827,802,802,935808,757658758,-2.43,104773283208,-83908153.0,,20251031
045520,3650,3650,3610,3630,19645,71098100,-1.09,23595000000,-14170.0,4554615.0,20251031
214150,50500,50500,49000,49300,195286,9627223850,0.92,3229428988700,-1836075875.0,882374800.0,20251031
466100,44000,45600,40550,40600,5093647,217134993900,-0.85,1014680843400,-11481318275.0,-117424875.0,20251031
237880,14520,14550,14270,14300,57408,823562670,-1.38,258420347900,-154645975.0,-5999595.0,20251031
139670,1995,2015,1985,1989,47648,94936316,-0.3,28082313090,-7131384.0,,20251031
475430,4685,4715,4640,4640,53006,247088225,-0.96,82815230400,-142824820.0,,20251031
487720,2080,2090,2065,2090,326,678290,0.24,8840700000,26870.0,0.0,20251031
489480,2050,2070,2050,2060,2630,5430160,0.0,13596000000,14420.0,88365.0,20251031
054780,4830,4970,4760,4800,107844,522107835,-2.34,93829406400,-32180677.0,50.0,20251031
256940,8930,9440,8740,9110,149777,1376176680,3.41,182911919170,-246259525.0,249887020.0,20251031
219130,22000,22400,21600,21900,47717,1046132250,0.92,138282951000,45638050.0,-20231000.0,20251031
336680,4220,4360,4220,4335,134764,581804121,2.0,169695993930,-24323225.0,-51417425.0,20251031
360070,26100,26950,25800,26100,29503,774062425,0.0,212585622300,-98605875.0,-756900.0,20251031
065130,3640,3665,3510,3665,36507,130996423,-0.14,59851216530,-12537083.0,,20251031
134580,2430,2490,2385,2395,134610,326771975,-2.24,118059486855,-43555110.0,,20251031
023160,27150,28900,27000,28250,692489,19533514700,5.02,748625000000,1722422625.0,3530697675.0,20251031
323280,23900,24450,23900,23900,106351,2562283100,-0.62,728967447000,-183535800.0,223973000.0,20251031
053620,6510,6510,6390,6410,7994,51342265,-1.54,55126000000,-19535.0,7626680.0,20251031
044490,31350,31750,30600,30750,136411,4223038575,-1.91,615226965750,-197360875.0,157003900.0,20251031
124560,2885,2910,2845,2850,196315,562488373,-1.72,110354311350,-39693881.0,2890.0,20251031
191420,18100,18100,17500,17750,5977,106539580,0.74,143931803500,23076590.0,-14615980.0,20251031
073640,0,0,0,654,0,0,0.0,69571715580,,,20251031
066700,2550,2565,2525,2550,40536,103136720,0.0,94738558800,-2343345.0,8506645.0,20251031
095610,44000,45200,43050,44300,160322,7083549175,-0.34,875732411800,1552600925.0,-390925025.0,20251031
064520,1763,1763,1660,1723,29737,50720863,-2.43,38510879826,2148285.0,,20251031
089030,64400,67200,64400,66800,371157,24635635050,1.67,2495223486000,6625409100.0,3543580100.0,20251031
054450,13590,14020,13420,13970,131916,1819850635,3.25,211564935010,254876905.0,13690.0,20251031
200230,1205,1207,1130,1139,2979143,3428237600,-6.1,78048304087,-214377807.0,-9184794.0,20251031
393210,6110,6250,6100,6120,104621,643572635,-0.97,95561009280,101220765.0,-56749940.0,20251031
475960,39700,44500,39700,43850,597760,25795750550,9.49,581199914900,-1005992800.0,1666197050.0,20251031
215480,2165,2250,2160,2225,16291,35694005,2.53,20425500000,81648.0,,20251031
051360,15180,15310,14970,15000,132852,1996967690,-1.19,237405870000,-656295680.0,-327237325.0,20251031
045340,7870,7870,7660,7790,47088,364570090,-1.14,66667131600,7955400.0,,20251031
108230,4765,4825,4640,4660,151271,710954780,-3.02,177188321700,19203390.0,16916135.0,20251031
079970,0,0,0,596,0,0,0.0,7296321400,,,20251031
199800,56500,58800,55900,58000,21824,1258489500,1.22,512473848000,127950700.0,-57600.0,20251031
417790,8100,8200,8050,8190,16109,131051520,1.11,90087133500,12961000.0,-9511040.0,20251031
290090,7740,7750,7500,7750,7053,53878840,1.97,57662077000,-1308990.0,7530.0,20251031
026150,5640,5700,5570,5680,29891,169269340,0.0,99663160080,-55040500.0,51080.0,20251031
464280,9420,9420,9000,9010,17595,160870460,-0.44,49825300000,-10567320.0,,20251031
117730,17210,19400,16070,18420,5308063,93364375395,13.28,369329767920,4079373145.0,-152863015.0,20251031
033830,639,639,620,629,164754,103300293,-0.94,62900000000,,2260791.0,20251031
057680,975,998,969,990,96135,94335406,1.54,70536015990,-8990723.0,,20251031
204610,1900,1900,1863,1890,178811,336281375,-0.37,116427250800,26601458.0,-94590996.0,20251031
125020,4025,4145,3930,4050,171926,693819587,1.0,138622650750,181229655.0,-741650.0,20251031
064760,167900,168900,163600,166000,69092,11484489500,-1.48,1938050000000,-897225550.0,2910595250.0,20251031
246710,1867,1898,1772,1775,232921,420204814,-4.88,38245619700,-138771965.0,81772.0,20251031
340570,47500,47500,46000,46000,58645,2727175150,-2.95,373888000000,-419545350.0,-537824400.0,20251031
043220,0,0,0,171,0,0,0.0,27227331873,,,20251031
277880,6000,6190,5970,6060,124972,759334485,0.83,122449862880,24643335.0,-13031030.0,20251031
131290,52800,53000,50500,51900,69316,3579674800,1.57,574088165100,-1418888200.0,156362300.0,20251031
425420,38750,40800,38050,40750,207162,8303398950,5.16,487398932500,-1076253575.0,2208014025.0,20251031
484810,16580,17730,16270,17200,1422771,24347096665,5.91,265755738000,1487241325.0,75907505.0,20251031
131100,1408,1417,1390,1396,38460,53738882,-1.62,45016426704,1058526.0,-840579.0,20251031
356860,66100,69400,65600,68600,322031,21681982750,2.69,674518418000,-130087000.0,681102450.0,20251031
321550,6270,7000,6250,6830,643308,4379837820,8.93,185399728470,1553774705.0,205351065.0,20251031
425040,9220,9350,9070,9340,156988,1449311880,0.97,199213625880,-617218180.0,61639890.0,20251031
241790,8020,8020,7800,7840,30022,236054940,-2.24,78420650560,-52666875.0,-1337240.0,20251031
022220,790,790,766,777,314721,244213922,-1.02,40244387883,26560117.0,40539045.0,20251031
104480,1679,1682,1633,1652,334551,550020145,-1.61,150159256968,-75243925.0,-6410955.0,20251031
081150,2995,2995,2945,2975,138597,411882180,0.0,72198495950,59830505.0,,20251031
130740,1833,1863,1812,1817,81070,148237885,-0.82,20489725743,14500428.0,,20251031
084730,8550,8550,8250,8350,30224,251893420,0.0,92763690400,-81850630.0,-27747350.0,20251031
440110,24000,26650,23450,25400,1428479,36355363950,3.46,1256071478200,9212137800.0,-6269055800.0,20251031
288330,1334,1363,1327,1336,536229,721548945,-0.82,117041434304,236399344.0,,20251031
033540,1177,1184,1171,1171,184195,216357997,-0.76,44206494773,21827696.0,,20251031
388870,4745,4950,4630,4875,84261,405979547,2.74,63111418500,49442610.0,,20251031
043200,1005,1018,1000,1007,168908,169637743,0.3,42096945205,28785613.0,0.0,20251031
214450,550000,553000,535000,541000,79929,43415337500,-0.55,5620799568000,-4210527000.0,1165157500.0,20251031
208340,0,0,0,2915,0,0,0.0,233786229820,,,20251031
177830,3000,3000,2940,2980,45410,134779555,-0.67,40211973980,1404545.0,,20251031
037070,6580,6590,6420,6460,35820,232305330,-1.82,129200000000,-26809330.0,6550.0,20251031
150900,4745,4870,4680,4750,28891,136411070,0.11,55572254500,32259925.0,-36306710.0,20251031
037030,2740,2770,2720,2740,93380,255897865,-0.36,69047775320,14244785.0,,20251031
047310,4150,4195,4100,4120,123479,510637341,-0.72,150836310600,-111642424.0,12440.0,20251031
368770,5510,5720,5470,5640,100869,566109410,1.26,185297829000,-97022390.0,202935520.0,20251031
170790,9170,9340,9100,9130,50197,460333070,-0.44,61343456570,-41093845.0,,20251031
049120,910,910,863,885,21607,18830996,2.08,46912362315,617696.0,,20251031
038950,3165,3275,3115,3275,10257,33173034,3.48,33440255375,17198781.0,3220.0,20251031
387570,7850,7920,7700,7810,27135,211529050,0.13,43938279000,-42310420.0,-7792430.0,20251031
441270,8570,8910,8570,8730,496062,4350190650,1.87,328597837290,-269242215.0,-38507640.0,20251031
106240,1183,1275,1183,1200,113956,139702562,0.67,20399208000,-35206119.0,1224.0,20251031
131760,831,839,820,832,122734,101601801,0.12,36135077056,1940835.0,0.0,20251031
065690,1015,1069,1005,1030,71056,73116103,1.48,14470810930,-832429.0,,20251031
140860,244000,249000,242000,243500,20866,5130081000,-1.02,1703374299500,-2132654750.0,2738418250.0,20251031
091700,6900,7020,6900,6920,139112,964455745,0.29,394440000000,114209925.0,-70691240.0,20251031
032800,497,498,483,485,197688,96531279,-2.41,22289173130,2383755.0,,20251031
318010,3600,3600,3530,3540,8287,29462285,-1.67,28069856520,-1257405.0,213385.0,20251031
027710,1201,1217,1190,1198,195798,235267794,-0.58,133477086800,-23284166.0,-2266505.0,20251031
225590,890,904,875,904,29994,26694390,1.57,24079588552,3688266.0,,20251031
054300,747,753,713,720,2063606,1501048354,-3.61,83334160800,52495054.0,,20251031
068050,2050,2125,2030,2080,209167,429730087,1.46,57603678080,-41053315.0,-27933770.0,20251031
222110,5980,5980,5820,5900,10168,59765510,0.68,79615762300,-10635830.0,,20251031
271830,2500,2555,2405,2440,165957,408570124,-2.98,71956092880,-21739415.0,,20251031
263750,34500,34900,34350,34600,131882,4560460775,1.17,2222975783000,-698049775.0,651761025.0,20251031
251970,54500,54900,53000,53100,53056,2840453300,-0.93,658440000000,-726817500.0,68733000.0,20251031
168360,21500,22000,21050,21650,166139,3569454475,3.59,460891348600,-1793208725.0,233236550.0,20251031
087010,264500,278500,261000,270500,258144,69495904500,2.85,6307343175000,-2584477000.0,7888431750.0,20251031
064800,809,830,799,830,301201,244246475,2.6,106080057340,48112044.0,48970.0,20251031
119500,3110,3195,3090,3180,137008,429804795,2.25,37674197760,38904725.0,3095.0,20251031
389140,10310,10700,10210,10450,202191,2118912475,2.55,116723730750,450425265.0,-52526550.0,20251031
105760,5770,5780,5700,5720,24404,140005915,-0.35,55608667400,-20962400.0,,20251031
009520,15490,15680,15310,15310,207180,3211596080,-1.92,637549782930,-290656990.0,180114450.0,20251031
189690,2110,2140,2070,2070,100080,209321760,-1.43,56556475830,-20699395.0,,20251031
318020,3985,4380,3900,4060,24214,98220242,1.88,51408824320,1987905.0,13371.0,20251031
256630,1101,1119,1094,1118,42374,46678520,1.64,64840726496,-765445.0,-3034761.0,20251031
331380,1983,2025,1850,1912,221959,421181963,-3.53,46346570256,-93477235.0,,20251031
208710,2690,2780,2650,2695,108830,294579730,-0.37,35520455740,38662330.0,0.0,20251031
472850,7960,8230,7900,8130,73145,593522195,3.44,262956175290,163200460.0,-43836260.0,20251031
039980,2255,2365,2255,2310,824388,1908951455,2.44,168118972560,281177202.0,,20251031
041910,6330,6490,6280,6420,58889,377103000,2.23,86680316940,-12786555.0,,20251031
234100,1200,1223,1170,1183,307150,366404801,-0.59,83011763016,-14890246.0,,20251031
041020,5060,5180,5030,5130,457501,2342918515,2.4,255091804740,578950780.0,184633515.0,20251031
114630,480,485,474,485,47665,22754200,1.68,42654560780,-123054.0,,20251031
290720,2045,2085,2010,2030,11467,23383585,-1.22,69764715650,-253350.0,,20251031
005670,8630,8630,8350,8420,125486,1065631550,-1.52,84200000000,-157462360.0,7644130.0,20251031
094940,8240,8970,8220,8580,1005528,8757291410,6.06,71740691880,1235181000.0,8840.0,20251031
057880,0,0,0,8790,0,0,0.0,216061434720,,,20251031
007330,10130,10130,10000,10120,6773,68269960,0.9,152637936000,-4143660.0,22962670.0,20251031
093380,2975,3015,2975,3010,2355,7054825,1.18,29736732130,695920.0,534065.0,20251031
023900,9280,9400,9250,9350,12995,121339970,0.86,117810000000,4395380.0,-16273260.0,20251031
371950,10140,10250,10020,10080,22115,223383150,-0.59,228438483840,-68786890.0,10140.0,20251031
370090,13410,13940,13370,13610,156303,2135531055,4.61,116458456300,344332975.0,-4189020.0,20251031
445180,7810,7840,7630,7790,40490,313551515,0.78,133903774520,-31417605.0,0.0,20251031
151910,0,0,0,640,0,0,0.0,121645902080,,,20251031
220100,18550,19860,18530,19650,846047,16374112355,5.82,434307345750,3479444520.0,-23225665.0,20251031
035200,3565,3645,3455,3580,113918,405978965,1.56,34835512200,-18705885.0,71391755.0,20251031
334970,3025,3070,2995,3015,119528,361494523,0.0,234424200555,10992617.0,9498490.0,20251031
321260,1998,2065,1987,2005,82828,168616368,-0.5,56525128420,-18773641.0,,20251031
053610,31750,31750,30850,31300,26764,832583200,-0.95,344300000000,54395650.0,155008000.0,20251031
468530,65000,66300,61200,63400,724688,45942046650,0.63,689284229400,-7277361050.0,1394153950.0,20251031
303360,4545,4545,4385,4525,27812,123620245,0.78,58269397875,-6850740.0,35690.0,20251031
377220,1360,1635,1360,1484,2811145,4262475349,9.93,42012040000,-170714038.0,44.0,20251031
335810,2580,2580,2405,2520,44916,112730890,-2.33,29268605520,9173680.0,-884180.0,20251031
053160,7890,7950,7670,7690,24256,187807430,-2.53,46140000000,-26115580.0,7860.0,20251031
405000,8250,8350,7840,8350,3187,25791310,4.38,32051007400,10600500.0,,20251031
041590,0,0,0,2370,0,0,0.0,116064014460,,,20251031
367000,4685,4685,4510,4510,9370,42728715,-1.74,37830813570,-1226350.0,,20251031
075130,2520,2535,2500,2510,47446,119281960,-0.2,41722023200,11742435.0,,20251031
237820,4770,4795,4735,4760,15499,73807485,-0.21,61057186400,-845975.0,,20251031
023770,4315,4360,4200,4205,51140,217849085,-3.44,37620011475,-16859785.0,,20251031
019570,288,290,281,284,174760,50064339,-2.07,19059251928,-4694146.0,,20251031
300080,16330,16400,15900,16020,205945,3315314620,1.26,264417325020,-715507220.0,511636280.0,20251031
033790,3950,3970,3870,3880,183791,717670259,-0.89,263984805480,-177311640.0,-31089087.0,20251031
032580,1211,1215,1185,1210,265588,318570329,-0.17,40089797440,22011384.0,,20251031
051380,2155,2175,2140,2175,32143,69339207,0.46,33364656600,-8262832.0,5.0,20251031
241820,0,0,0,6040,0,0,0.0,16803871920,,,20251031
452450,8170,8380,8110,8310,329438,2706549895,2.47,298150335000,-126037260.0,132960.0,20251031
237750,4645,4760,4645,4705,8861,41853115,1.29,30566503000,548110.0,-5.0,20251031
460940,20900,21850,19700,21300,744624,15576013110,4.93,139850262000,221999730.0,33773430.0,20251031
319660,37900,38600,37400,37750,191449,7251960225,-1.69,1093493453500,681989725.0,145114675.0,20251031
031980,49700,50000,48450,49100,323332,15870211350,-3.16,1058713594500,3392369225.0,-5138060925.0,20251031
002230,4240,4240,4195,4215,6068,25516450,0.12,81239151300,-3181870.0,-1586105.0,20251031
043370,11520,11700,11440,11670,32449,376812395,1.3,245070000000,6730345.0,36697810.0,20251031
239890,5260,5420,5230,5340,32471,173150590,1.52,53056931700,8735420.0,11260220.0,20251031
347740,2800,2800,2730,2745,68525,188771346,0.37,82379031120,-72123998.0,57079060.0,20251031
137400,43300,44550,43250,43250,185893,8134179125,-2.48,1026888469500,86530475.0,426649475.0,20251031
257370,2325,2770,2305,2490,363709,924256653,7.1,31137103890,68770648.0,,20251031
147760,2980,3005,2890,2950,37680,110783980,-1.01,31918604700,-3085700.0,,20251031
128660,2700,2710,2675,2705,26770,72032645,0.19,67093113145,-16327365.0,,20251031
006140,5240,5290,5150,5220,32969,171961510,-0.38,78300000000,-61314180.0,,20251031
376180,2680,2680,2600,2640,96600,254591545,-0.56,49001140320,43168650.0,,20251031
304840,1330,1625,1330,1423,692944,1015949932,5.02,30207886553,-44660529.0,,20251031
087600,5790,5900,5610,5890,15963,92256090,0.68,48101026620,6690610.0,,20251031
291810,2280,2450,2255,2400,190633,451535507,5.96,27284908800,25111205.0,,20251031
378340,14310,14740,14290,14300,54535,788654225,-1.72,306919212600,64137225.0,,20251031
161580,40700,42200,40400,42200,442071,18246237950,5.24,987595923400,1898927475.0,498232675.0,20251031
347770,1769,1797,1755,1796,29430,52306746,0.67,41051247432,-651477.0,12.0,20251031
163730,11040,11380,10950,11240,46788,522522270,2.84,105729824320,168838700.0,988770.0,20251031
417180,2040,2055,2020,2045,52071,106172415,0.25,35886934035,29562500.0,,20251031
448370,2120,2120,2115,2120,83151,176220330,0.0,11914400000,-11905615.0,,20251031
454640,2110,2115,2100,2110,27173,57300905,0.0,11396110000,517050.0,2110.0,20251031
469880,2060,2065,2060,2065,7744,15979010,0.24,15084825000,-169065.0,-7256410.0,20251031
469900,2065,2070,2060,2070,8213,16935885,0.24,11602350000,103220.0,0.0,20251031
475240,2105,2125,2105,2125,2547,5397780,0.47,6800000000,6285.0,1083320.0,20251031
475250,2090,2100,2090,2090,1040,2181885,-0.48,7733000000,-359480.0,0.0,20251031
484130,2060,2065,2055,2055,521,1072880,-0.24,9288600000,33155.0,0.0,20251031
0041L0,1996,2005,1996,2000,7821,15648231,0.0,12060000000,-4000.0,14362800.0,20251031
299030,30100,30850,29950,30200,68161,2067582825,-0.66,241446282000,54058600.0,-110444500.0,20251031
067310,29800,30100,29200,29400,1731213,51187014700,-4.55,1948395300600,-12437704300.0,1329242850.0,20251031
166090,40700,41850,40400,41150,132378,5456897575,0.0,813851285100,-748086200.0,-141425050.0,20251031
136480,3000,3045,2880,2880,1722096,5071517735,-0.69,305883941760,-1030894483.0,0.0,20251031
003380,7520,7550,7340,7390,196461,1455196885,0.0,827721539190,-517970780.0,37048745.0,20251031
450330,6690,6740,6480,6550,30886,202432340,-0.61,53623821650,9999090.0,-844930.0,20251031
101670,2360,2395,2305,2385,876433,2067917157,0.85,129195378450,-56953897.0,,20251031
365590,425,425,405,416,689968,284548908,-0.72,64389775424,11191053.0,5752879.0,20251031
149980,0,0,0,5090,0,0,0.0,94645307670,,,20251031
013030,37150,37500,36900,37200,52395,1946795450,0.27,437774956800,-301899050.0,-137676675.0,20251031
126700,16200,16260,15960,16190,55787,899319730,0.56,241912793280,222139280.0,290940.0,20251031
450050,2100,2105,2097,2100,2275,4779723,0.0,10529400000,0.0,8410.0,20251031
160190,60100,60800,57300,58000,536454,31507029700,3.39,1791504000000,-3135802900.0,788148200.0,20251031
221840,2280,2280,2235,2240,12734,28634495,-1.75,41889256640,-6459670.0,7896580.0,20251031
106190,12970,12970,12570,12570,37138,471104775,-1.72,133658984610,45333385.0,,20251031
065650,2660,2780,2615,2720,31880,86571620,2.26,36271787520,-9281815.0,,20251031
066130,4485,4495,4435,4455,46223,205799610,-0.67,57024000000,-2767187.0,-925135.0,20251031
004590,4945,4955,4865,4885,43430,212913270,-1.21,73275000000,-27925545.0,-6911395.0,20251031
039340,5150,5360,5150,5300,13720,72554420,2.32,119250000000,-1159010.0,7275160.0,20251031
034950,99000,99200,97400,98000,3120,305205500,-0.41,444970372000,-2195900.0,-24286600.0,20251031
222980,3540,3540,3440,3530,33204,115568473,0.14,38941134990,-26467093.0,-5.0,20251031
256840,5080,5180,5040,5070,615522,3137754610,0.0,346762072020,-298739240.0,8416360.0,20251031
219750,1054,1099,1054,1079,24317,26552383,2.37,70595608915,631037.0,,20251031
025550,3855,3945,3810,3880,182043,707869362,1.04,98994335520,163918110.0,5500.0,20251031
017890,9450,9570,9230,9350,79915,748940320,-1.27,198907281100,78846420.0,116077050.0,20251031
080720,0,0,0,2725,0,0,0.0,21562456300,,,20251031
041460,3650,3735,3650,3730,52141,193128637,2.19,70870000000,68624238.0,33290.0,20251031
101680,2325,2360,2260,2330,45395,105830310,0.22,19581320000,14776605.0,,20251031
039740,2860,2940,2820,2840,42199,121225070,-2.07,22772247480,-342440.0,-175300.0,20251031
053300,6100,6250,6100,6210,183682,1135403475,1.8,263560851810,218918610.0,8518270.0,20251031
025770,8220,8400,8100,8130,18080,148323920,-1.09,304421923230,-6859380.0,5130.0,20251031
458610,2130,2130,2125,2130,1240,2635695,0.24,9009900000,585045.0,0.0,20251031
464440,2150,2150,2150,2150,265,569750,0.23,9288000000,0.0,0.0,20251031
479880,2050,2060,2045,2060,23570,48338330,0.24,14152200000,630795.0,20598705.0,20251031
062970,3690,3735,3595,3680,628720,2308968222,0.0,84857399680,203261073.0,,20251031
023760,791,794,782,789,230470,181590634,-0.25,249015955464,-26407683.0,-5461704.0,20251031
054040,4715,4775,4715,4740,13594,64482870,-0.11,76177914600,-1147985.0,284915.0,20251031
021650,2265,2295,2265,2280,6874,15670990,0.66,37279283640,-524770.0,,20251031
032300,13320,13330,13210,13230,5388,71384970,-0.68,144295654230,-10006650.0,13390.0,20251031
037230,2015,2015,1975,2000,29496,58601239,0.1,59600654000,-4985830.0,-3053984.0,20251031
448900,27650,34700,27650,34700,2742822,87716648775,29.96,208354657900,1793865475.0,1632603850.0,20251031
030520,24600,25050,24350,24850,117987,2922262725,1.84,600866638400,213728725.0,318825550.0,20251031
052600,4095,4095,3965,4020,22260,89377735,0.12,46486074000,12444770.0,-10.0,20251031
256150,5530,5560,5470,5560,15700,86412560,0.18,46676200000,-564120.0,,20251031
092460,16900,19960,16760,17870,2563217,47696043305,4.02,305749981600,394373220.0,-467210.0,20251031
125490,12450,12770,11590,11820,5186348,62525815395,-2.31,431457800640,-530832625.0,-336608025.0,20251031
452190,5450,5650,5340,5520,826657,4539476065,3.95,128983394640,-20824220.0,,20251031
047080,1207,1207,1186,1203,47187,56355241,0.0,29861301486,588623.0,,20251031
452280,10720,11130,10640,10820,330316,3560662495,0.65,186906303000,-304695655.0,,20251031
066980,1252,1268,1191,1220,321469,390039464,-2.48,63360852500,56665132.0,,20251031
114810,13390,13450,13060,13210,201119,2656370050,-1.42,377715828540,634828385.0,-617966955.0,20251031
070590,2335,2370,2220,2300,26105,59277201,-1.71,31922898300,-8993314.0,,20251031
042520,27250,28650,25350,26850,815631,21749481250,-1.47,363182953950,1314919075.0,-122708675.0,20251031
430690,5690,5900,5640,5640,235376,1343237375,-0.35,61449644280,36827710.0,,20251031
078350,23250,23500,22300,22800,178148,4046526000,-2.36,347571909600,-384907450.0,-558601600.0,20251031
045100,20100,20250,19860,20150,54950,1098392140,0.25,362700000000,55849500.0,-115878000.0,20251031
320000,2080,2160,2000,2105,416502,860384419,0.0,68010423950,28312021.0,,20251031
091440,2885,2885,2730,2750,152455,424374697,-4.68,79746788000,-82354232.0,,20251031
276730,1900,2130,1770,1800,303855,577559241,-3.54,28219240800,-18927120.0,,20251031
024740,2220,2265,2205,2250,378297,847594345,2.27,74018360250,-15290975.0,,20251031
005860,3205,3245,3190,3205,209380,671255610,-0.47,126288810425,16619221.0,,20251031
007770,8760,8760,8600,8650,2710,23403620,-1.26,30361500000,-604610.0,,20251031
198940,711,711,697,704,24758,17384432,0.14,27401776512,662991.0,,20251031
058450,1059,1081,1028,1066,28661,30116576,0.66,15769999986,269007.0,,20251031
107640,47900,48200,44700,46100,231084,10637395225,-3.15,417894010600,-591965750.0,-2405074825.0,20251031
079170,7250,7370,7200,7290,20271,147679670,-0.14,37908000000,6037760.0,,20251031
054920,3890,4032,3890,3950,327480,1303126232,1.28,111457469950,-90641397.0,3905.0,20251031
457370,8830,8860,8710,8740,36755,322938110,0.69,70157151160,45010080.0,96219830.0,20251031
002680,752,752,731,735,224863,166283133,-1.61,23752847265,35068515.0,,20251031
098070,42850,43650,41800,41800,252598,10732159575,-2.45,464863693800,15320975.0,-94841425.0,20251031
455310,2085,2085,2075,2085,3627,7537095,0.0,10550100000,18765.0,3154000.0,20251031
498390,2010,2010,2005,2010,7548,15134485,0.0,9969600000,-417040.0,-4280675.0,20251031
034810,7500,7600,7350,7350,64097,476546840,-2.0,239292898950,13081630.0,5490740.0,20251031
03481K,7210,7280,7180,7190,1804,13009445,-0.42,9986349180,43330.0,0.0,20251031
059270,9830,10010,9400,9700,500130,4881510385,2.0,108303400300,479443980.0,,20251031
076610,556,571,556,562,281105,158549468,1.08,25244743826,14788853.0,,20251031
220180,2145,2175,2105,2155,26785,57230925,0.23,51570964510,12324530.0,,20251031
900270,237,238,223,230,19037101,4367916913,-5.35,43250819200,-318855908.0,0.0,20251031
214180,16200,16280,16080,16170,25913,418713760,-0.68,212224992210,-175443970.0,-8153060.0,20251031
234340,16540,16540,16170,16240,174854,2854289860,-1.93,226883453440,132731965.0,-287194325.0,20251031
084990,5050,5400,5020,5300,359391,1885127380,6.0,244291824100,-164578400.0,47042790.0,20251031
187660,2850,2920,2750,2840,1379284,3891669194,0.35,144667634720,-6618126.0,,20251031
170030,6340,6600,6340,6380,338767,2193726865,0.63,97869200000,-93236770.0,6400.0,20251031
319400,10480,11100,9700,10100,14644326,153676292385,-0.98,1124897993900,-21848408725.0,-1771296970.0,20251031
048410,5300,5300,5200,5220,433047,2268983340,-1.32,501333811200,-479897480.0,281668985.0,20251031
052260,4470,4470,4425,4435,67445,299277614,-0.67,133050000000,-36437070.0,-1423605.0,20251031
016790,0,0,0,994,0,0,0.0,187340898626,,,20251031
041440,7730,7750,7630,7750,30975,237978495,0.78,138848566000,-58380390.0,40.0,20251031
039010,7300,7310,7160,7240,33788,244302295,-0.82,62445000000,-20937270.0,-602520.0,20251031
090850,5340,5340,5190,5270,96449,506096050,-0.94,125143322470,5633630.0,-109037540.0,20251031
460930,22050,23100,22000,22700,734389,16655094600,2.95,805393071700,485626200.0,350947275.0,20251031
092300,2945,2975,2870,2870,163988,475918666,-3.2,53590981920,-45369370.0,-1410900.0,20251031
138360,893,1047,893,932,2270976,2206908807,0.22,48405064048,-277019731.0,0.0,20251031
011080,828,839,766,784,2719375,2151392006,-4.74,33173868672,278995548.0,,20251031
308100,1621,1635,1572,1575,280249,447260073,-2.78,37836237600,19181047.0,3.0,20251031
064240,2080,2170,2035,2100,63259,132278975,0.96,73579825200,-14573005.0,-8938010.0,20251031
039610,9040,9060,8900,8910,63389,567839530,-1.11,92756664000,-139346275.0,20.0,20251031
126640,1321,1362,1313,1344,370220,498985660,1.82,48886504128,69672084.0,,20251031
127980,6310,6540,6120,6400,12878,81583295,2.4,75780377600,1987275.0,,20251031
061250,1115,1120,1102,1105,297382,329330524,-0.45,95600010935,-57049245.0,11050000.0,20251031
097870,6030,6100,5970,6030,24643,147742660,0.0,51194700000,-37925490.0,20.0,20251031
290270,3920,3950,3770,3835,29061,112219255,1.19,36845422120,-12587510.0,1868790.0,20251031
353190,733,747,731,744,111382,82045621,1.64,29297544480,952340.0,,20251031
090710,6200,6500,6090,6450,26369345,167110367415,6.79,770498920650,9478165800.0,332068670.0,20251031
078590,725,934,725,934,27902630,24595624657,29.9,61840455692,31217061.0,100674.0,20251031
205470,1250,1264,1223,1223,757344,937370981,-2.16,158225636007,-128691211.0,-50353888.0,20251031
115160,909,930,900,920,61650,56292477,1.32,40452514080,-454178.0,,20251031
028080,1669,1669,1610,1614,31761,51598549,-3.3,20300094684,-1857413.0,,20251031
175140,4730,4790,4700,4755,30858,146155075,0.53,117914547060,-16706035.0,,20251031
200670,50900,51300,50000,50300,82187,4152162250,-0.4,564865479000,36867200.0,60301050.0,20251031
065510,8240,8340,8200,8250,24739,204233680,-0.12,94758369750,5601740.0,-1180250.0,20251031
263920,4055,4100,3990,4035,2428,9811395,-0.49,39579419910,-3929290.0,,20251031
243070,29350,29350,28600,29200,26177,758205650,0.34,349806218000,144024350.0,3084375.0,20251031
084110,54300,55200,53000,54500,41910,2273169800,2.44,688706690000,-857827000.0,40338200.0,20251031
145020,264500,265000,261000,262000,40346,10591733500,0.19,3223656646000,1271258750.0,-1321655250.0,20251031
024060,12280,12330,12200,12290,100535,1231517470,0.08,184350000000,-283691805.0,60.0,20251031
010240,4860,4930,4860,4895,16527,80552520,0.1,60319596920,-3272050.0,378535.0,20251031
189980,1660,1668,1656,1662,19347,32118580,0.0,66709068474,-6077483.0,,20251031
037440,4270,4365,4200,4265,104629,448977755,-0.12,59379355875,26866760.0,,20251031
238490,3475,3475,3390,3395,32345,110655748,-1.74,38405041220,-10168502.0,,20251031
