code,open,high,low,close,volume,거래대금,등락률,시가총액,foreign_net,inst_net,date
060310,1900,1930,1889,1930,191913,368807127,2.12,102403947200,132020410.0,,20250103
054620,5190,5290,5160,5220,10327,53836820,0.77,103847833620,602860.0,710.0,20250103
265520,15950,16260,15830,16200,74507,1202914800,2.21,247559020200,12504700.0,12235410.0,20250103
211270,13590,13590,13150,13400,204259,2724627030,-0.45,202102873600,-367142100.0,-4826230.0,20250103
109960,518,527,504,510,472918,241286432,0.0,102402527190,66128534.0,,20250103
139050,0,0,0,2805,0,0,0.0,24247965555,,,20250103
126600,2745,2850,2745,2820,16661,46753080,1.62,177002655180,-16117470.0,9820.0,20250103
013720,818,836,812,833,101467,83351751,2.84,37175237288,35849397.0,,20250103
083790,2415,2490,2410,2485,66835,164208675,2.9,191082042270,35373225.0,,20250103
035760,53800,55800,53700,54700,62004,3380225900,1.86,1199524723800,59398100.0,-518970500.0,20250103
311690,10270,10430,10130,10230,28003,287161860,0.79,133659676260,16086230.0,27240.0,20250103
051500,17290,17850,17290,17690,17959,317438680,2.31,210008356340,-110343830.0,146800040.0,20250103
058820,1765,1811,1764,1804,324779,580477784,2.21,250561608176,131846426.0,-7882689.0,20250103
023460,0,0,0,109,0,0,0.0,4054800000,,,20250103
056730,705,705,675,692,26279,18064613,-0.14,51284940712,-459431.0,-57108.0,20250103
065770,2170,2170,1971,2035,1742239,3589781173,-6.65,39501649550,-104907447.0,72855.0,20250103
083660,1029,1030,950,1000,47489,47335042,-0.7,61247181000,-786542.0,,20250103
456440,0,0,0,2275,0,0,0.0,12091625000,,,20250103
477760,2050,2060,2020,2060,4797,9822810,0.0,12030400000,128835.0,7738895.0,20250103
099520,0,0,0,1284,0,0,0.0,58141862016,,,20250103
060900,1000,1008,985,1007,29449,29497670,0.7,25435036603,14288131.0,,20250103
290120,2215,2380,2215,2270,13869,31282120,2.48,35219363260,42530.0,,20250103
025440,825,845,821,845,83553,69581059,2.42,26010134280,22659753.0,,20250103
068790,5750,5800,5710,5770,13058,75340730,0.35,141786561970,17007900.0,,20250103
241520,2870,2900,2850,2875,64439,185072205,0.17,79051359375,66274450.0,258750.0,20250103
180400,1900,1980,1876,1933,738790,1417667901,3.15,95141162056,167118614.0,-943644.0,20250103
245620,0,0,0,415,0,0,0.0,57474989665,,,20250103
037370,5570,5890,5570,5800,16264,93717180,2.11,50024837600,5507300.0,-3760.0,20250103
050120,1895,1946,1895,1940,4788,9255238,2.37,26314326840,-23833.0,,20250103
214270,1828,1902,1828,1884,108001,201782943,3.06,62643872292,103559254.0,,20250103
130500,2850,2925,2815,2830,630966,1803159360,2.54,41162497160,-77919110.0,,20250103
900290,3295,3420,3255,3310,53069,177530470,0.46,267613500000,-43826165.0,32285.0,20250103
083450,16640,17320,16640,17060,477732,8168409660,2.52,317627515600,186509420.0,20664570.0,20250103
297890,2725,2900,2725,2865,454274,1295896005,4.37,209548718610,218307470.0,7116935.0,20250103
440290,1576,1599,1573,1583,20791,32841716,0.44,42910396830,5311311.0,88648.0,20250103
078150,1994,2080,1976,2065,1262410,2592776843,3.56,191458366540,383745389.0,,20250103
195940,36300,36750,35900,36400,154826,5643064400,1.25,1031208032400,206459850.0,-708604050.0,20250103
028300,73400,76800,73100,75700,982169,73977367000,3.13,9946028678100,15689176600.0,3140254500.0,20250103
278650,2115,2300,2105,2265,546181,1206426415,7.09,196444784085,287859265.0,-7201040.0,20250103
067630,10120,10470,10100,10370,582470,6002472820,3.39,1263934808970,1163745770.0,-10527600.0,20250103
024850,2595,2680,2550,2650,860606,2274473885,2.32,382405925950,278374980.0,-225078790.0,20250103
187420,4365,5170,4300,5050,1681826,8258909865,15.69,146885148400,967530070.0,-247122945.0,20250103
047920,24050,24850,23950,24650,378721,9251881700,2.92,784239602100,614793950.0,191254450.0,20250103
115450,12390,13950,12370,13780,2343514,31375110000,11.22,1104328276740,7747005290.0,600063250.0,20250103
046210,2785,2950,2785,2925,130984,378918965,2.63,124333902225,56348420.0,-314975.0,20250103
403870,26450,28050,26250,28050,1206565,33378726100,6.05,2334180076800,6563310300.0,2169205400.0,20250103
036640,4650,4745,4650,4725,30175,142113145,1.61,77276430000,19276170.0,5.0,20250103
439730,0,0,0,2150,0,0,0.0,9266500000,,,20250103
442770,2175,2175,2130,2145,8242,17769270,1.66,9030450000,-260625.0,0.0,20250103
448760,2130,2130,2105,2130,92,194825,1.43,9435900000,-10565.0,0.0,20250103
467930,2070,2110,2060,2095,43916,91065425,1.7,8861850000,-534555.0,48706170.0,20250103
469480,2105,2115,2090,2115,9993,21065700,1.2,8946450000,-478630.0,17143925.0,20250103
095340,70600,74900,69900,71000,398324,28950295100,1.43,1504991118000,-2267193800.0,529652800.0,20250103
950170,4065,4095,4020,4070,27162,110004270,0.74,210607636360,-10595820.0,27713425.0,20250103
067290,1561,1590,1561,1588,62108,97592529,1.4,80736305176,-30989238.0,,20250103
035900,67700,69200,67700,67800,383392,26161612900,0.3,2409102957600,-1343715000.0,2145378200.0,20250103
318000,4670,4920,4670,4795,34689,166435715,2.68,41909369285,28042980.0,,20250103
024840,2005,2045,1991,2035,587501,1184185991,0.49,71040219965,5630062.0,,20250103
024120,3175,3275,3175,3270,10473,33967610,2.99,37605000000,2165465.0,10.0,20250103
455250,2055,2090,2035,2070,10272,21099345,0.98,8911350000,277635.0,11163245.0,20250103
458320,2140,2150,2125,2135,14071,30031990,0.0,11753175000,-79050.0,,20250103
464680,1950,1954,1939,1950,11453,22264248,0.0,25164750000,-16708.0,-11637615.0,20250103
476470,0,0,0,2095,0,0,0.0,11532975000,,,20250103
478390,1990,2020,1990,2010,757,1514554,0.5,12502200000,443941.0,0.0,20250103
486630,1994,2000,1994,2000,2575,5149772,0.0,10620000000,-45892.0,256000.0,20250103
492220,1926,1929,1924,1927,29336,56536128,-0.05,11966670000,82538.0,15954999.0,20250103
021320,4045,4085,4020,4055,2079,8427850,1.25,86777000000,-36430.0,-133380.0,20250103
036670,6610,6650,6500,6600,18897,124085730,-0.15,74382000000,-4749640.0,-1307520.0,20250103
044180,650,654,606,617,955426,598649307,-7.63,16484881983,-85858678.0,-378297.0,20250103
046440,4760,4825,4710,4735,90391,431137880,-0.94,183839064480,-58406280.0,-49696680.0,20250103
151860,4700,4980,4700,4945,79515,390215715,4.55,242814344890,119059475.0,-6738260.0,20250103
035600,8700,9010,8700,8880,126245,1122162820,1.25,247791373920,155265720.0,-1564320.0,20250103
226360,0,0,0,2555,0,0,0.0,60698450260,,,20250103
111870,0,0,0,8910,0,0,0.0,43928518590,,,20250103
060720,8060,8400,8060,8330,75097,624592990,2.59,197233091860,231735330.0,-38970960.0,20250103
058400,810,834,810,827,297614,246427046,2.1,109519378440,,,20250103
101000,2155,2155,2050,2090,203000,422687885,-3.02,64052503790,-81515995.0,,20250103
122450,2960,3035,2960,3015,70586,212518765,1.86,136687931460,68998295.0,1849865.0,20250103
052900,898,915,895,912,92188,83768350,1.56,50258055504,7780106.0,-407813.0,20250103
376190,3955,4045,3945,4000,14059,56429985,1.14,98400000000,12199935.0,,20250103
061970,3530,3755,3525,3740,99615,368029955,5.06,163754374080,182469945.0,25760.0,20250103
309960,3185,3245,3170,3245,13111,42042175,1.88,75339940555,-1292495.0,71390.0,20250103
225190,2745,2830,2740,2750,925686,2566331855,0.18,139558210000,-102991080.0,,20250103
060370,15500,15580,15160,15480,251801,3862957940,-0.13,505713859920,-518067640.0,9965790.0,20250103
417200,11860,12570,11850,12250,453199,5594051290,3.38,828745072750,330720910.0,392153570.0,20250103
078020,3745,3795,3720,3750,13655,51322670,0.13,208054462500,-2311795.0,435035.0,20250103
476080,14950,15190,14830,15080,197380,2967961420,0.13,117397800000,-166604110.0,1039540.0,20250103
086960,990,1029,978,1005,2102711,2113468466,3.4,93285896940,-188058531.0,,20250103
038340,0,0,0,1233,0,0,0.0,39979891836,,,20250103
160550,2125,2200,2125,2190,79109,172416845,3.06,61114372140,50044980.0,,20250103
053290,3755,3805,3710,3800,66076,248880390,1.47,62799966600,-30993850.0,-10.0,20250103
060250,7570,7630,7510,7570,118037,893364160,0.0,304015825270,-186055500.0,103499500.0,20250103
104200,2760,2905,2760,2875,19547,55087280,2.5,42629206250,3233050.0,-10.0,20250103
222160,0,0,0,8040,0,0,0.0,79551289560,,,20250103
024940,7960,8670,7960,8220,1457033,12147213590,3.27,82200000000,-636943760.0,,20250103
218410,12840,13350,12650,13010,144008,1878280650,1.48,344562590420,66207970.0,-29419310.0,20250103
327260,4920,5020,4825,4950,27768,137558575,0.51,41744493450,-1096570.0,-33029130.0,20250103
474610,4060,4175,3985,4045,138211,557981740,-1.34,50894444835,-22189670.0,-22045.0,20250103
091340,2470,2645,2455,2620,15730,39228630,6.07,30663749020,1761710.0,,20250103
419530,13000,13260,12970,13150,46800,614503640,-0.53,112970729500,-50884220.0,280.0,20250103
019550,820,821,803,813,848716,688458177,-0.61,131760125475,107965712.0,362676.0,20250103
950110,4975,4985,4975,4975,60417,300721045,0.0,119661386500,79430410.0,-3980000.0,20250103
036120,2370,2410,2350,2380,179132,426013690,-0.83,84490000000,54388630.0,,20250103
246960,8540,8540,8250,8250,10246,85360380,-0.96,60088058250,3931690.0,189590.0,20250103
099220,1137,1207,1129,1174,835593,981798402,5.01,65945706114,191724359.0,,20250103
036540,3095,3215,3090,3180,376126,1196699375,3.08,522983763540,391791530.0,21029605.0,20250103
255220,2935,3015,2900,2990,2680783,7916619855,1.87,289904073160,-278346605.0,26931145.0,20250103
040610,1590,1610,1581,1610,97556,155457527,1.07,54880385560,3933886.0,112387.0,20250103
049470,292,300,290,295,139706,40846117,1.72,17364363455,4048422.0,,20250103
184230,463,487,457,466,114315,53276376,0.43,29171209026,1189301.0,1771048.0,20250103
016250,12980,13450,12980,13280,3818,50656680,2.39,43074808800,1141460.0,-2083200.0,20250103
048550,1415,1455,1415,1451,169474,244394459,1.68,140332913620,-6081709.0,5465191.0,20250103
063440,1245,1270,1245,1261,78587,99129822,0.24,58042763194,-5655019.0,,20250103
067160,90200,93600,90200,93000,55764,5161398900,3.1,1069013331000,536155500.0,171397800.0,20250103
289080,1346,1370,1346,1361,94982,129375333,0.07,72451474000,10206676.0,250424.0,20250103
089230,960,961,908,947,160197,148150366,-1.35,20723156491,20269264.0,,20250103
032540,4715,4805,4715,4800,8280,39318395,0.84,66871723200,1599545.0,10.0,20250103
022220,964,983,963,975,43737,42553883,0.31,50499714525,699201.0,-389101.0,20250103
048770,2105,2240,2105,2140,201628,436713375,-0.47,33593700740,36014860.0,,20250103
246690,981,989,972,972,54222,53175214,-0.1,40316481864,-1731630.0,,20250103
317240,0,0,0,279,0,0,0.0,29920217238,,,20250103
057030,4525,4560,4455,4525,103382,466691780,0.89,73814953925,23201355.0,,20250103
040300,3200,3265,3175,3225,508962,1643614595,1.1,135450000000,148972880.0,,20250103
051390,3680,3680,3635,3670,4259,15578040,0.69,41674200560,-527805.0,-495150.0,20250103
052220,3600,3730,3375,3525,1851424,6607629910,-0.56,81075000000,-59887050.0,,20250103
079940,17330,17550,17080,17250,65995,1136882160,0.29,233490549000,-100333910.0,161159160.0,20250103
078890,3105,3200,3105,3185,43339,137579530,1.59,55845484240,-15395830.0,-3705.0,20250103
399720,41550,45400,40750,43000,423054,18352574450,3.61,498684760000,-1077287150.0,270804650.0,20250103
036620,3120,3155,3045,3120,563752,1738769955,0.65,285431128320,377912915.0,-238666625.0,20250103
198440,1219,1250,1204,1237,26505,32511162,1.48,75372755352,187552.0,,20250103
217730,2010,2120,2005,2090,248079,516956105,3.72,117153171410,156375975.0,,20250103
114190,8940,9730,8940,9420,219876,2061006090,5.25,246079017960,362723660.0,17410.0,20250103
094480,7940,8230,7850,7940,884481,7093431460,0.63,311484913720,-287969760.0,119100.0,20250103
039240,4935,5960,4870,5700,16819758,94398050520,17.4,153783742800,3127056940.0,11507340.0,20250103
053950,805,848,805,819,459406,377357238,2.5,64002686202,23692688.0,,20250103
011040,6180,6240,6130,6230,61546,381362040,0.81,191689412180,16481500.0,-1919690.0,20250103
024910,1911,2025,1911,2005,139287,276099987,3.89,71817105025,31572220.0,,20250103
049720,10010,10130,10010,10050,21066,211537080,0.1,143715000000,-10196830.0,179090.0,20250103
014570,4700,4745,4650,4695,4721,22148780,0.97,51645000000,-1129440.0,,20250103
348150,5450,5740,5380,5620,78674,441967290,3.12,108881037000,42996140.0,,20250103
950190,8860,8860,8670,8760,12060,105143160,0.34,118959853920,4780210.0,172540.0,20250103
098460,9000,9000,8670,8770,882442,7744067650,-1.35,602102201350,-2391187550.0,342180680.0,20250103
035290,415,427,414,422,69864,29319292,2.93,20119474560,8569564.0,,20250103
900280,4,5,4,5,42084369,174348357,0.0,1027021440,-67000.0,,20250103
215000,65500,69000,65500,67800,24321,1643487200,3.51,425473137000,388723800.0,-10939100.0,20250103
121440,3500,3545,3500,3520,23269,81831900,0.72,150785599360,-53952100.0,1710585.0,20250103
366030,3615,3725,3615,3725,18487,68202490,2.05,84385591250,5850765.0,,20250103
014200,0,0,0,30200,0,0,0.0,91311391200,,,20250103
029480,2475,2545,2435,2530,309947,778268520,3.69,139222411130,199096385.0,,20250103
026910,1979,1999,1969,1996,17151,34023186,0.86,12785188380,1084593.0,,20250103
440790,2115,2115,2110,2115,12874,27166875,0.95,8565750000,-52545.0,-25109000.0,20250103
456490,2105,2105,2090,2100,9792,20487705,0.72,8820000000,-513820.0,1166915.0,20250103
465320,2085,2100,2080,2100,25132,52514105,0.72,8001000000,-68850.0,3427290.0,20250103
482520,1995,2005,1993,2005,6994,13984870,0.5,12230500000,498373.0,4908000.0,20250103
489210,1965,1974,1965,1970,34878,68624855,-0.2,10204600000,-2903612.0,31333246.0,20250103
053270,2045,2070,2010,2050,50398,103278390,0.74,56191330250,10750815.0,,20250103
066620,18110,18220,18070,18160,8979,162773200,0.28,136200000000,54616740.0,-309030.0,20250103
043650,4670,4895,4655,4840,51566,249191485,3.64,86434191360,110709750.0,-5.0,20250103
006050,1600,1672,1600,1657,1073986,1765170458,2.98,57821417651,11630933.0,,20250103
060480,1748,1760,1735,1754,8279,14441853,0.34,19451860000,-670240.0,,20250103
078130,0,0,0,800,0,0,0.0,901924696800,,,20250103
307750,3550,3745,3550,3645,56731,206687635,2.1,178857485505,40810690.0,,20250103
035080,11880,12230,11880,12010,11707,140868210,0.0,164255941980,2350830.0,-919420.0,20250103
453450,16840,17800,16840,17630,80707,1415653640,3.71,140030682500,265303920.0,-140.0,20250103
204020,2895,2930,2855,2900,36703,106054260,0.17,58427547000,-66750.0,29153000.0,20250103
402490,18450,21250,18100,20500,3028308,61253520980,10.57,169451852000,1045891470.0,-25735870.0,20250103
114450,1635,1668,1609,1666,29317,48382688,2.52,33320000000,13642508.0,,20250103
186230,7750,7820,7640,7670,38046,293714560,-1.03,82990841960,47754530.0,0.0,20250103
900070,406,430,406,422,51361,21388200,3.94,22679954496,164225.0,,20250103
204620,3460,3490,3410,3455,242331,836005000,0.44,211155900925,-57736160.0,-131776650.0,20250103
019660,589,607,580,582,49243,28799087,-1.19,20248214172,1356373.0,,20250103
053260,3960,4030,3905,4010,10247,40746170,0.25,75067200000,-2967025.0,17523330.0,20250103
282720,9300,9600,9230,9470,74719,709970430,1.83,114771665000,-38591460.0,18930.0,20250103
036190,24650,24800,24500,24500,4669,114828650,-0.41,147000000000,-27216950.0,14700.0,20250103
049080,550,575,550,564,76698,43485810,2.55,47874207708,5270475.0,-5891.0,20250103
420770,25250,27100,25000,26950,76512,2026645500,6.73,341611678100,115518000.0,348700650.0,20250103
035460,1741,1773,1740,1760,25459,44791718,0.11,25656118400,3648143.0,,20250103
308100,3065,3145,3060,3135,3160,9832955,2.28,20768537955,-894480.0,-40475.0,20250103
407400,8960,9410,8700,9240,443596,4064049510,3.94,113277539760,469554860.0,,20250103
187790,0,0,0,1025,0,0,0.0,31611850750,,,20250103
286750,2050,2140,2045,2135,190370,399957020,4.15,45931448465,159085875.0,,20250103
121600,57600,62000,57600,61400,82366,5026671100,5.68,748839189200,980080300.0,608235900.0,20250103
247660,6790,7080,6550,6850,32882,221203380,1.93,29755852000,88520990.0,,20250103
039860,3355,3365,3265,3315,259290,858649380,0.61,106444921830,-198346680.0,,20250103
091970,668,670,631,663,63960,42360430,-0.75,24807797859,-776332.0,,20250103
417010,6960,7320,6840,7230,95216,683622010,3.73,142606891440,42375730.0,-42419730.0,20250103
405920,3085,3120,3085,3105,6841,21196750,0.49,39986425980,3420920.0,,20250103
051490,3790,3855,3755,3810,29836,114149920,0.53,54102000000,8777700.0,-176870.0,20250103
137080,3925,4095,3910,4015,16498,66223370,2.82,44403579330,3890740.0,25.0,20250103
190510,14660,14700,14030,14340,177319,2526931950,-2.45,233231266560,-1053388860.0,-100.0,20250103
242040,1505,1514,1493,1507,51047,76806040,-0.13,52151639848,-11119231.0,-7624.0,20250103
089600,13880,14300,13880,14240,24592,347164180,2.59,164730641120,106147320.0,55602780.0,20250103
293580,1413,1454,1324,1350,6880632,9476176632,-2.03,128155432500,-247025083.0,-15450637.0,20250103
138610,16380,16500,16100,16430,102837,1675845620,0.98,178973912310,54997820.0,-4273550.0,20250103
130580,4785,4855,4760,4795,6115,29200210,0.21,73843000000,-11103150.0,-4886240.0,20250103
036800,18000,18170,17800,18160,4519,80930930,1.74,181600000000,-2780530.0,18668550.0,20250103
267320,1919,2050,1919,2000,141130,281735865,4.22,87328208000,7448296.0,-1154767.0,20250103
111710,4970,5160,4970,5130,3581,18091775,3.32,105616440000,5630.0,-900.0,20250103
091590,3915,4040,3870,4020,14346,56809765,1.9,47194800000,19339315.0,,20250103
168330,1319,1356,1319,1348,10134,13509747,2.28,42805605200,1527649.0,,20250103
094860,999,1040,999,1037,16689,16910675,3.7,22191353053,6515447.0,,20250103
253590,8980,10140,8920,9940,1900352,18741774620,10.2,436059490160,2010480310.0,554700690.0,20250103
212560,7980,7980,7820,7940,32702,258078350,0.76,62527206220,-4665950.0,1246410.0,20250103
095660,18510,18990,18450,18880,49901,938829070,2.0,412656686080,-44632090.0,-10884690.0,20250103
042420,17490,18100,17490,18030,7320,130787490,2.1,159689293980,28914350.0,-2331500.0,20250103
950220,1147,1192,1146,1180,259103,303066930,2.61,116663608700,102189967.0,,20250103
311390,5550,5600,5450,5600,11128,61292490,0.9,70861218400,-11118930.0,,20250103
085910,3180,3215,3180,3195,18207,58125010,0.47,44521743510,2204790.0,10.0,20250103
092730,11480,11630,11450,11600,65514,755063060,0.61,185924672400,142000590.0,-28134570.0,20250103
290660,883,911,865,891,19011,16836569,0.91,41058526509,-1525950.0,,20250103
306620,2855,3190,2750,3070,13436761,40580822805,9.64,132282978260,685042290.0,-461975.0,20250103
153460,6630,6650,6430,6480,465,3039120,-2.56,42314490720,0.0,,20250103
007390,20750,21700,20600,21550,830536,17692042250,4.36,1386896711800,2824448700.0,-141536450.0,20250103
033640,6690,7090,6620,6870,53151,367960520,1.78,158416717740,30609580.0,-489170.0,20250103
330860,10580,11080,10580,10950,23703,259086800,2.62,133415292750,74462650.0,41810.0,20250103
089140,2860,2930,2855,2910,41084,118588895,1.75,35416489650,6127165.0,-174765.0,20250103
389650,42350,46200,41850,45250,362645,15966900250,6.1,365922541500,-1051870750.0,-325125750.0,20250103
137940,533,538,509,520,826762,437980884,-2.26,40726915840,-36495622.0,58258953.0,20250103
396270,13900,14180,13610,14070,499019,6954923740,1.37,254511385800,33080500.0,145067820.0,20250103
348210,51300,54200,51300,53300,45806,2450903500,2.9,556305425000,450406300.0,230191800.0,20250103
225570,13400,13740,13380,13710,288071,3918312690,1.78,902942985540,974354650.0,139180820.0,20250103
217270,5400,5600,5350,5580,342958,1893177360,3.33,260452917000,149270740.0,327556200.0,20250103
104620,4500,4675,4500,4650,25085,115794875,3.33,73665885900,19840140.0,,20250103
473980,20400,21250,18690,18910,469063,9048990730,-8.43,204069477470,799961000.0,-619558910.0,20250103
194700,7580,7590,7440,7520,51601,386913050,0.67,141036456960,87715570.0,-48841590.0,20250103
285490,14560,15150,14560,15000,42605,636684550,3.09,158637465000,125203400.0,-79040680.0,20250103
145170,7710,8000,7710,7910,109556,861346360,2.59,69843986940,13975700.0,20.0,20250103
106520,0,0,0,411,0,0,0.0,15904036272,,,20250103
376930,3245,3250,3095,3155,1588743,5012404145,-1.1,116567974300,-309408950.0,-4077910.0,20250103
142280,3770,3870,3670,3725,138388,517301825,1.5,80988674350,-43780390.0,,20250103
234690,9900,9900,9300,9490,184861,1749083360,-3.46,168469099240,-44583690.0,-100387340.0,20250103
054050,7080,7210,7080,7180,11021,79068200,1.13,115099427980,1562570.0,543830.0,20250103
069140,1352,1376,1334,1353,90240,121238981,0.07,17728011279,-968179.0,,20250103
040160,2765,2815,2765,2775,11535,32231250,0.91,33454109625,314695.0,,20250103
332290,999,1013,998,998,32358,32470705,-0.1,33318033394,-629259.0,,20250103
348340,32150,32150,30250,30950,849604,26315095400,-6.07,328113949000,-1114423650.0,-1824021150.0,20250103
060260,1172,1204,1165,1181,144190,170236419,0.77,15957682629,-7557190.0,,20250103
123840,1601,1621,1591,1598,24595,39268520,-0.75,46720741980,-891335.0,,20250103
012340,487,488,484,486,35281,17184595,0.21,24740880732,-81297.0,-5357.0,20250103
270870,5600,5820,5550,5750,10022,57504160,1.77,52901288000,-1709750.0,,20250103
144960,4475,4590,4430,4560,107865,487481690,1.9,199238365440,68119245.0,487430.0,20250103
085670,5540,5620,5410,5450,539555,2971688410,-0.91,133256647450,-25263230.0,25503740.0,20250103
064260,2890,3575,2890,3395,25056944,85270363555,17.47,234081990800,-1795956995.0,-194550.0,20250103
340360,1951,2030,1951,2015,501889,1001895034,1.56,87427247180,166153650.0,,20250103
039560,3455,3500,3415,3495,163335,567331440,1.75,138073403595,-52240365.0,-7670.0,20250103
154040,1122,1140,1120,1133,10576,11932782,0.62,20337456502,513797.0,,20250103
032190,10070,10200,10070,10130,24769,251297310,0.6,387979000000,-18977130.0,-72290.0,20250103
323350,5020,5240,5020,5230,18128,93452400,4.18,41896337560,23613130.0,,20250103
068240,9060,9270,9060,9200,63318,582491720,0.88,351103620400,36168050.0,-15414970.0,20250103
464580,5530,5770,5530,5650,85816,487476230,2.17,51685906200,76151000.0,-29717780.0,20250103
020400,6590,6790,6550,6720,18352,122140550,1.66,21431195520,58683160.0,,20250103
008830,14870,14940,14350,14690,891596,13081720390,-2.0,132026668800,-102637620.0,-70.0,20250103
048470,3180,3290,3155,3210,25184,80912120,0.94,32100000000,7850425.0,20.0,20250103
004780,3895,3970,3890,3940,12004,47214320,1.29,62658604060,-1989145.0,286835.0,20250103
017650,6670,6670,6580,6630,1376,9095970,0.61,59670000000,-1797290.0,-19840.0,20250103
007720,872,917,860,915,894148,802922162,4.93,92232411750,172630246.0,,20250103
389260,11910,12490,11910,12250,59781,730594940,0.91,208862500000,-101447030.0,-586630.0,20250103
317850,8820,8980,8790,8980,50769,452273130,1.13,74753291600,97110250.0,30.0,20250103
290670,18340,18350,17420,18040,48538,873549650,-1.69,141752186400,-159923160.0,17810.0,20250103
078140,13530,14140,13400,14100,118723,1641496300,3.98,156320763900,296174860.0,-230.0,20250103
065150,0,0,0,145,0,0,0.0,18165948725,,,20250103
036480,9560,9570,9300,9450,22329,209739960,-1.05,35910000000,25506140.0,,20250103
027830,1941,2100,1871,1945,7139913,14233693733,0.78,105030000000,-75491159.0,248960.0,20250103
104040,832,865,832,860,34939,29533961,3.37,40613488820,1986296.0,,20250103
129920,3195,3345,3180,3340,23204,75865245,3.57,45808277020,5423930.0,,20250103
442310,2165,2165,2130,2135,241,516780,-0.93,14325850000,-49335.0,125495.0,20250103
457390,2205,2240,2200,2200,47497,104988615,0.0,15477000000,2690510.0,33548115.0,20250103
457630,0,0,0,2095,0,0,0.0,15314450000,,,20250103
471050,2080,2080,2040,2055,649,1343210,0.49,12453300000,-98730.0,0.0,20250103
478780,2025,2025,2000,2020,10850,21924200,0.25,15978200000,-1395820.0,0.0,20250103
482690,1991,1999,1991,1996,8116,16193088,-0.15,11207540000,43790.0,-1243272.0,20250103
020180,1071,1133,1053,1094,1377046,1512788790,2.43,42041233010,216583075.0,,20250103
045390,3065,3095,3025,3075,451276,1384299430,0.33,216705634275,-59948655.0,-56435.0,20250103
108380,13200,13200,12820,12960,36932,476404610,-0.84,123992635680,-97817640.0,217974680.0,20250103
007680,4105,4200,4050,4105,4685,19310210,0.0,55197775770,-1254360.0,,20250103
048910,7800,8550,7800,8480,129826,1071360590,9.0,106669462080,151307200.0,-60840.0,20250103
005710,5910,6100,5910,6090,16766,101511740,3.05,122028984000,4674040.0,-3291130.0,20250103
290380,0,0,0,2300,0,0,0.0,56841307600,,,20250103
120240,12810,13090,12810,13080,9028,117223860,0.62,94050314280,3935180.0,16690.0,20250103
003310,1445,1459,1436,1450,85039,123450711,0.07,51318907500,-1054866.0,,20250103
078600,72500,77700,72400,76500,168868,12923493800,5.66,1184265364500,2883323000.0,223300.0,20250103
096350,312,318,308,315,367620,114972971,2.27,51584717835,16809594.0,10220.0,20250103
140520,2095,2095,2030,2045,55586,113537685,-2.39,43168401935,7782740.0,,20250103
131220,4625,4770,4625,4660,20913,98039325,0.22,34737923400,13987995.0,0.0,20250103
010170,828,937,824,879,921408,817392479,5.9,65495314914,45158617.0,-7774.0,20250103
054670,6820,7100,6820,7040,36489,256884130,2.47,101058636800,-28544480.0,-7040.0,20250103
023910,25950,26250,25850,26150,2263,58993750,1.36,156900000000,7982700.0,-129850.0,20250103
021040,898,983,898,964,129188,122918708,6.52,20923402136,8063674.0,,20250103
021045,2850,2915,2790,2915,132,370730,2.28,2473354180,,,20250103
067080,10900,11250,10800,11250,157482,1742973940,3.21,209437312500,133075370.0,2385370.0,20250103
298540,9320,9640,9220,9600,40153,381877200,2.02,141752217600,204920240.0,-39280.0,20250103
032860,1206,1287,1206,1255,55443,68980960,4.06,50696808065,20273869.0,,20250103
393890,11000,11830,11000,11610,238927,2788796770,5.93,392918901840,362245180.0,401490790.0,20250103
299170,1289,1311,1284,1310,26923,35038716,2.02,39336631530,6117544.0,,20250103
224060,4300,4300,4140,4160,6307,26546710,-0.83,21468603520,2818080.0,,20250103
043090,257,285,257,275,501389,136584788,7.0,20490153750,31831012.0,,20250103
213420,27450,30000,27450,29450,174245,5108214000,7.29,731278221550,-52475600.0,1044872550.0,20250103
317330,30050,32000,30050,31250,122767,3843901750,3.31,639893250000,162950900.0,80681550.0,20250103
077360,3865,4025,3860,3975,83927,333754540,2.98,180612082950,15244460.0,1757645.0,20250103
090410,1551,1565,1515,1565,82872,128554309,0.97,72121608675,-32531884.0,,20250103
263600,4810,5020,4810,4970,48245,239284215,1.84,79173640700,55826405.0,-40.0,20250103
194480,28400,29400,28250,29300,61068,1777219500,3.35,352791045000,577939800.0,-134454450.0,20250103
263800,4480,4530,4450,4490,38502,173105325,-0.66,72825016200,-27468830.0,,20250103
206560,7170,7360,7050,7130,664277,4757189880,-1.25,181185677680,161135040.0,34756790.0,20250103
261200,5960,6070,5900,6050,14924,89115090,1.68,95648685000,23490840.0,,20250103
067990,4430,4445,4385,4420,36215,159629565,0.34,128982451000,-15808175.0,-4841360.0,20250103
006620,4900,5070,4900,5050,69752,348800355,3.06,143748209600,103836365.0,-10150.0,20250103
100130,2500,2560,2485,2535,90188,227595970,0.4,144857505000,-25214140.0,-7337480.0,20250103
005160,4410,4660,4410,4590,112672,517063210,4.08,248982172380,205800660.0,270985.0,20250103
075970,2580,2795,2580,2770,770176,2103630310,6.13,50968000000,216547835.0,,20250103
086450,16300,16300,16090,16300,124088,2007656830,0.0,724698000000,-142937790.0,-257532320.0,20250103
099410,3090,3110,3020,3090,80974,247532860,2.49,43260000000,-17874715.0,-15646060.0,20250103
033500,15580,15990,14950,15150,781734,11925118630,-3.07,454340834100,-1055853330.0,-2185928300.0,20250103
025950,58000,59200,51200,54200,2200429,120760860800,-7.03,455280000000,-2486973700.0,-50968700.0,20250103
088130,3650,3700,3555,3635,33391,120935925,-0.41,63559116390,-19560480.0,,20250103
041930,5350,5710,5350,5700,34942,195552660,4.97,90060000000,1470570.0,-23190.0,20250103
060380,1413,1464,1405,1421,16954,24342170,1.07,27993700000,-3161082.0,,20250103
079960,18130,18540,18090,18420,13981,257340230,1.6,144781200000,-3781270.0,-5289210.0,20250103
228340,1765,1800,1765,1799,7268,13033128,1.41,35980000000,-47811.0,,20250103
088910,1910,1938,1910,1938,19902,38420572,0.41,50061958632,-1072634.0,,20250103
094170,18500,19630,18350,19150,304878,5840827010,3.35,365137033200,-108931050.0,38492230.0,20250103
013120,2340,2370,2300,2345,21966,51302970,0.86,212944994500,-395295.0,-4042805.0,20250103
109860,8160,8190,8100,8150,98240,798233060,0.12,74165000000,-2014110.0,-555450.0,20250103
032960,10420,10570,10420,10530,353,3706180,0.1,41975981190,-409160.0,-977930.0,20250103
023790,988,1008,980,995,13848,13788814,1.74,20737128325,-983101.0,,20250103
005290,20950,22600,20850,22200,649034,14270039700,5.71,1141401766800,-137632550.0,1634988200.0,20250103
025900,8120,8900,8120,8710,93750,815392220,6.09,440353952350,282667590.0,568710.0,20250103
131970,24650,26250,24650,25850,101034,2615223050,5.08,499609102300,482798650.0,-77553450.0,20250103
073190,1909,1909,1876,1899,14912,28215291,-0.16,22727307960,-7566396.0,2204402.0,20250103
176750,8060,8110,7860,7970,262222,2085540140,-0.99,226788103400,-61697180.0,,20250103
030350,1284,1345,1284,1294,164611,215708950,0.86,17957865436,13947028.0,,20250103
203650,3925,4310,3860,4020,9983312,40837010415,4.01,203435131080,-10259925.0,1338050.0,20250103
223250,3000,3025,2975,3010,93672,281518165,0.84,71635965240,45298165.0,23955.0,20250103
060570,1813,1813,1759,1759,47682,84607570,-3.25,133018346907,-36977227.0,-16635333.0,20250103
362990,1849,1860,1813,1855,6764,12476768,2.49,31165064770,2957863.0,,20250103
217620,0,0,0,3810,0,0,0.0,26803681470,,,20250103
016670,3700,3715,3665,3700,6323,23321725,1.23,18284830200,6688085.0,,20250103
187870,11820,12000,11820,11930,7273,87194570,0.42,83946745370,1675550.0,-166970.0,20250103
489730,1940,1945,1940,1942,20075,38987205,0.1,12296744000,-104972.0,29517608.0,20250103
110990,12570,13690,12490,13390,102822,1369189270,6.1,253071000000,141884680.0,14490900.0,20250103
263690,5810,5840,5620,5840,3203,18226650,0.86,66141562400,4696010.0,186820.0,20250103
214680,2365,2395,2345,2380,459554,1089204285,0.63,176142024520,47140585.0,-6315625.0,20250103
347850,49300,61500,48650,59500,1300275,72766333200,21.18,628800105500,8605118850.0,2759394550.0,20250103
263720,21550,22000,20700,22000,69894,1492465700,2.09,275538406000,-127867050.0,38211700.0,20250103
376300,33800,35500,33000,34750,234593,8067687800,2.81,824909608500,970722350.0,-159260000.0,20250103
109740,4565,4565,4400,4415,14973,66413590,-0.67,113511371850,-23323825.0,2264440.0,20250103
196490,0,0,0,203,0,0,0.0,36245520080,,,20250103
066900,2305,2320,2285,2300,13012,29884690,-0.86,52312356900,-781075.0,-5917915.0,20250103
127120,5530,5990,5450,5880,270772,1557184370,4.63,132204996840,80070350.0,-1100180.0,20250103
092070,8490,9400,8490,9390,101989,938001610,10.47,108659746620,319523870.0,45307930.0,20250103
039840,16330,16680,16080,16650,18600,307859030,1.96,249446220750,128341040.0,-52794620.0,20250103
219550,579,579,522,552,2677088,1454017212,0.36,55838130768,-152861980.0,-2549548.0,20250103
310870,1574,1640,1574,1636,93932,152521112,1.3,33844375356,34418620.0,,20250103
104460,12650,12900,12620,12660,27342,347388720,-1.17,135634492500,-126126460.0,-817180.0,20250103
079810,5210,5520,5200,5450,106052,575996750,4.61,120053112300,146380760.0,270920.0,20250103
113810,1860,1896,1715,1827,3771342,6792762336,-1.77,59611449177,-260299540.0,,20250103
043360,1999,1999,1926,1976,10542,20757639,-1.15,17784000000,423394.0,,20250103
197140,2335,2365,2335,2360,5121,12084325,-0.21,30711043440,49280.0,,20250103
068930,6740,6830,6500,6540,60763,399328660,-2.68,180996736680,-88639950.0,55174440.0,20250103
033130,1670,1711,1670,1685,155222,262625895,0.9,62539224895,21465528.0,,20250103
105740,7420,7500,7240,7340,56189,412398790,-1.08,74636885420,-27150180.0,-36620.0,20250103
263020,3070,3070,2985,3020,137098,412601295,-0.17,43789489620,12352175.0,,20250103
290550,8030,8120,7900,8000,33762,270948430,1.27,160009840000,-9166410.0,120.0,20250103
066670,2840,2930,2840,2910,11055,31895795,1.39,54393481380,2987500.0,,20250103
187220,3450,3560,3410,3465,203552,706667090,1.76,40533642765,-10158835.0,,20250103
383930,5990,6000,5650,5870,502803,2944235610,-0.34,74962905440,114819580.0,,20250103
131180,840,853,836,847,21788,18350019,0.83,24859450000,-111547.0,,20250103
315640,5820,5880,5710,5850,199961,1160643270,1.92,131164417800,-22716140.0,83307020.0,20250103
223310,2820,2960,2640,2815,501849,1394943770,0.18,64292840625,-234637795.0,,20250103
317120,3245,3485,3225,3485,132110,442914485,7.56,33665100000,46725250.0,,20250103
462510,8290,8510,8250,8470,29822,250370720,1.68,73271725450,53290.0,,20250103
042510,2115,2280,2115,2195,1511347,3325797200,2.33,122976786845,-122371400.0,-127310.0,20250103
232680,7040,7040,6740,6930,114861,789459500,0.73,86862241620,52688290.0,-50750400.0,20250103
418420,3695,3880,3680,3845,176760,663300930,4.06,115766924885,77080915.0,27394675.0,20250103
300120,4335,4335,4080,4115,140880,585338745,-1.44,85838949380,-31410960.0,,20250103
171120,2510,2555,2435,2510,142813,354920845,-0.59,90113417600,10090305.0,,20250103
388790,3190,3310,3190,3305,525820,1716697250,2.32,98865538650,313930310.0,16380450.0,20250103
347700,4470,4730,4435,4580,299099,1361443165,2.46,93349619540,-73546690.0,43617030.0,20250103
214260,15840,16170,15710,15910,36678,582981320,0.44,141956386330,33606190.0,70.0,20250103
171010,2965,3045,2920,3045,33196,100354935,2.7,43539699840,11956950.0,,20250103
084650,2785,3055,2675,2705,16873977,48386049335,2.85,200819172950,-2308955960.0,-48458160.0,20250103
217500,1540,1599,1537,1591,102011,160044039,3.31,50612892000,6926425.0,,20250103
038390,8710,8880,8600,8650,24959,217518820,-1.7,144635110300,-10059790.0,-278670.0,20250103
294140,2995,3050,2935,2960,44667,132891775,0.51,62160000000,-20164495.0,,20250103
443250,12470,12720,12200,12690,59926,749698320,1.44,140988323790,-195429630.0,114659750.0,20250103
228670,5980,6790,5930,6670,182687,1191004040,11.54,103472063510,340689340.0,-31187180.0,20250103
228850,6340,6340,5950,6140,57527,348558240,-0.97,101868825960,-35917960.0,-236697820.0,20250103
412350,3890,3950,3800,3940,41118,160013705,1.68,34384269680,-1380475.0,,20250103
199550,5560,5800,5560,5800,55692,318825570,3.57,67732092600,28381060.0,2860000.0,20250103
281740,10830,11790,10830,11690,328804,3808900430,7.25,768390106120,1160487710.0,53443970.0,20250103
277810,225000,238500,204500,233000,5158783,1156797450000,10.17,4520166914000,6271109000.0,8088861500.0,20250103
215100,4240,4240,3985,4005,795783,3209679345,-6.32,81495558270,-525626475.0,4000.0,20250103
090360,25500,25600,24000,24500,394321,9672480750,-5.41,238875000000,-1010972850.0,-1074857000.0,20250103
108490,25850,25900,24700,25050,804511,20239312200,-5.47,327165149250,-1285421450.0,214382700.0,20250103
900260,585,592,571,587,95697,55561759,1.73,21150366056,-68668.0,,20250103
067730,2860,2890,2800,2860,16626,47461100,0.0,27667416920,5428535.0,,20250103
071280,17080,17170,16530,16750,88853,1481213980,-1.99,256218100250,287519680.0,-729583000.0,20250103
328130,65900,66500,63700,66300,846877,55288717900,1.07,1918914270000,-2542695700.0,2052651500.0,20250103
038060,1100,1137,1092,1127,74118,83100771,2.18,54212158763,21412784.0,,20250103
474170,11370,11520,10870,11210,1859270,20816323910,1.26,198727472160,27044220.0,567741500.0,20250103
141080,109200,119000,107400,118100,1050544,120303684300,8.55,4323680917800,-1654330100.0,14193233800.0,20250103
058470,198000,209500,195000,209000,143307,29441745800,5.56,3185655330000,4327857700.0,1578376300.0,20250103
016100,2535,2535,2480,2515,9895,24876060,1.0,48038748410,-749765.0,,20250103
012700,4000,4090,4000,4075,22846,92354765,2.13,107768000125,25053500.0,-4518800.0,20250103
302550,3630,3695,3585,3625,70095,254323880,0.14,111063040000,-11445965.0,-3295705.0,20250103
073570,1450,1660,1449,1520,969068,1513272619,3.75,55008035440,-60433877.0,-410789.0,20250103
377450,13000,13410,12800,13320,65524,862997100,3.5,230835600000,12206480.0,66179670.0,20250103
277070,4155,4245,4120,4180,24280,101197120,0.0,57232560000,15212040.0,45980.0,20250103
042500,4740,4740,4605,4690,86940,404808155,0.43,89438928460,55323595.0,-47339730.0,20250103
193250,582,630,577,600,2378192,1439156741,5.26,37994026200,85031957.0,-1367477.0,20250103
219420,5840,5880,5740,5840,215196,1249335270,-1.52,66981920880,-173420950.0,,20250103
439090,14900,15340,14900,15310,156191,2432015530,2.82,250751160600,45553840.0,23257120.0,20250103
195500,2820,2840,2780,2815,112630,315638560,-0.53,44978070000,-12280295.0,,20250103
377480,20350,20450,19640,20450,378428,7556641890,0.49,127592580700,-183861630.0,18361060.0,20250103
305090,9920,10600,9740,10600,170602,1755602250,8.27,176359196000,83017170.0,390920670.0,20250103
098120,5160,5300,5110,5300,43231,225713340,3.72,44057659800,26700030.0,,20250103
424980,6130,6470,6130,6330,30256,193022890,3.26,37466573700,15697290.0,,20250103
038290,16290,16490,16190,16420,38082,622140630,0.43,178015788000,162372430.0,-50.0,20250103
267980,34950,35350,34400,35100,13498,473830800,1.15,275311693800,46222500.0,-67067150.0,20250103
005990,8410,8640,8410,8500,3810,32629550,0.35,116605584000,-562380.0,17369020.0,20250103
093520,8970,8970,8720,8820,114138,1008800320,0.34,142558471440,-305139210.0,-2321990.0,20250103
377030,1217,1315,1217,1307,507223,647608782,7.57,39564042774,191956882.0,-95182873.0,20250103
100590,4040,4140,4025,4115,335861,1372665720,1.35,65140544645,46103590.0,4103930.0,20250103
067280,29600,29900,29100,29250,6744,197414400,-2.01,173358285750,-13291050.0,3700.0,20250103
072870,10760,10760,10340,10720,24000,255197090,0.19,127792680480,-7628890.0,-11169300.0,20250103
215200,42050,42650,41950,42450,23087,975845600,0.47,486559989750,-112025600.0,-57247050.0,20250103
133750,2170,2240,2150,2215,166744,366293595,2.55,51846675555,32481105.0,,20250103
446540,3080,3150,3050,3130,43198,134344320,2.62,65013230000,-333240.0,,20250103
235980,4515,4660,4480,4625,148302,678394655,2.44,158522434625,177053155.0,9050.0,20250103
041920,5020,5180,4600,4910,91438,450843865,1.66,91317274930,-53226790.0,,20250103
014100,2855,2880,2740,2800,56962,159646550,-1.23,33040000000,-32083265.0,,20250103
054180,324,327,317,319,204277,65658887,-0.93,18782172277,3439597.0,,20250103
086900,121100,125400,121100,124800,24051,2972081300,3.06,910852425600,779460200.0,283965700.0,20250103
078160,11200,12200,10990,12050,351321,4055884950,6.35,412324309250,-374050450.0,,20250103
408920,1977,2005,1977,1997,12095,24073042,1.01,86335212635,-2157049.0,,20250103
021880,286,295,286,291,85784,24956994,1.75,44285662728,-1352311.0,,20250103
140410,30150,31750,30050,31400,86948,2712923750,3.46,940848781800,203314150.0,536386800.0,20250103
241770,8070,8360,8030,8230,9586,78551100,0.0,83885427200,3001710.0,-42700.0,20250103
059210,3750,3945,3750,3870,396376,1541210555,3.2,92347298370,-41583775.0,-6032950.0,20250103
058110,2935,2935,2385,2530,5677732,15262717860,11.95,40607840900,-399889455.0,-288980395.0,20250103
434480,3425,3490,3365,3420,36204,123450500,-0.15,41906286000,-564940.0,,20250103
080420,2040,2040,1989,1994,64352,128474235,-1.77,158964914268,2429686.0,-3076255.0,20250103
417970,10650,10690,9990,10520,360677,3701198000,-4.36,67293284000,189560020.0,-4284830.0,20250103
080160,9690,9850,9640,9850,23681,231617380,1.65,186165000000,10879420.0,-1402280.0,20250103
087260,2085,2115,2050,2110,134155,281217705,0.96,68686536710,-2310650.0,,20250103
101330,2755,2785,2705,2755,32113,88313115,1.47,63770064895,20814060.0,,20250103
012860,1370,1429,1370,1410,103628,145891256,2.92,103259174370,12085023.0,,20250103
363260,1743,1773,1722,1737,500300,873477563,-0.34,55868466753,3158749.0,,20250103
348030,5110,5120,5040,5090,5449,27638210,0.79,48883342000,-116040.0,,20250103
250060,2770,2865,2770,2845,305291,862697075,1.61,91527388330,158443970.0,,20250103
288980,1290,1310,1286,1306,77624,101082362,0.69,45130869972,5924594.0,29975.0,20250103
142760,1195,1220,1192,1196,37054,44415403,0.08,45130833956,6164073.0,,20250103
033200,2885,2925,2860,2910,1326,3833575,0.0,41703748350,89375.0,2910.0,20250103
333050,1280,1305,1269,1302,46197,59466469,2.6,31846042452,1215302.0,-240689.0,20250103
118990,10090,10180,9950,10100,134970,1356620180,0.4,251106099000,-27315200.0,-688350.0,20250103
006920,2900,3070,2895,2990,14414,42782065,3.28,32650800000,1250940.0,12438190.0,20250103
001810,1641,1648,1612,1640,4199,6849670,0.24,36305500000,-1018171.0,,20250103
279600,0,0,0,11300,0,0,0.0,52938025300,,,20250103
095500,7470,8030,7470,7960,159749,1264442520,5.29,246839592040,362105770.0,-1772990.0,20250103
254490,11120,11660,11070,11450,45928,525916410,3.06,165315100000,47604140.0,60.0,20250103
218150,3845,3925,3830,3915,85254,331229810,1.82,79927864830,77546485.0,,20250103
442900,9970,10000,9970,9990,14282,142728210,0.3,76723200000,-1037580.0,30000000.0,20250103
100790,4735,4795,4720,4760,183051,870250380,-0.1,252873257840,-59929255.0,18017160.0,20250103
412930,0,0,0,2695,0,0,0.0,16644320000,,,20250103
446190,0,0,0,2155,0,0,0.0,10667250000,,,20250103
448830,2110,2120,2105,2120,9951,21009515,0.71,10430400000,387010.0,3982815.0,20250103
477380,1980,2010,1965,2000,8999,17826475,0.76,16200000000,2528367.0,-10569032.0,20250103
477470,2020,2030,2000,2030,14047,28412150,0.25,11124400000,70875.0,11590125.0,20250103
478440,1988,1994,1970,1994,21251,42317940,0.3,13818420000,-3455749.0,6351914.0,20250103
482680,1956,1992,1956,1970,6515,12867230,0.46,16183550000,-1109877.0,2984536.0,20250103
049950,19890,20650,19240,20250,69136,1377752040,1.81,178562151000,64264260.0,138122810.0,20250103
207760,1127,1189,1127,1189,231214,270607964,4.39,98781861987,88385299.0,7007963.0,20250103
059090,8440,8950,8390,8820,348050,3051433260,4.75,294735981960,-54920330.0,198307060.0,20250103
214610,1605,1629,1480,1500,2956897,4568096763,-3.04,66373131000,-502304737.0,,20250103
201490,1810,1814,1795,1813,65143,117355672,0.89,55097236796,33056121.0,,20250103
452200,4760,4950,4750,4900,120798,589143600,2.94,108595270000,158813495.0,-1056430.0,20250103
418470,13970,14680,13950,14120,79681,1132237130,1.07,120009960680,-155801570.0,-31260610.0,20250103
206640,17500,17600,16600,17000,107466,1817402150,-1.56,399271520000,-190407380.0,37635370.0,20250103
018700,1042,1068,1033,1054,43944,46132739,1.15,37016223878,1059722.0,,20250103
035620,426,432,421,430,78910,33880024,0.94,32009060250,-626864.0,-13868.0,20250103
053030,17640,18420,17530,18270,785363,14181178670,4.7,597140114760,2043722380.0,172842380.0,20250103
301300,4000,4200,3975,4005,67855,274211590,0.13,49641418305,42949595.0,,20250103
064550,19850,19880,19410,19530,94658,1853668240,0.62,504074983230,-7204330.0,-4186260.0,20250103
314930,16470,16760,16260,16740,150162,2484782310,2.39,498251084220,185626570.0,3202510.0,20250103
208710,428,552,424,552,7313517,3832264441,29.88,36377166528,56542554.0,,20250103
086820,23200,24850,23200,24550,110266,2689465150,4.47,199921108300,138568850.0,251631800.0,20250103
038460,3135,3325,3135,3285,115093,374804005,3.79,85950178830,51598855.0,58560545.0,20250103
251120,13940,14180,13820,14000,11504,160293990,0.43,121739800000,1662740.0,-7540.0,20250103
199730,6550,6740,6550,6670,5010,33386500,1.68,32445327890,-2476190.0,,20250103
086040,3235,3335,3235,3305,17092,56144740,0.46,52742006335,5246095.0,,20250103
099430,7410,7440,7150,7400,860052,6319462030,-0.4,428688393600,367963970.0,-447452140.0,20250103
032980,522,533,362,362,19736296,7395477728,-29.84,16209632380,-37844951.0,0.0,20250103
308080,2475,2595,2475,2595,56194,144287405,5.7,49989405300,30018645.0,,20250103
043150,18870,19410,18870,19300,21784,419943110,2.44,286687140800,121411900.0,67911140.0,20250103
323990,10610,10850,10610,10800,75479,813469040,1.41,248326560000,216674950.0,-20827680.0,20250103
267790,4750,4795,4710,4735,5482,25998890,-0.32,37352047500,-236970.0,-4390715.0,20250103
046310,2210,2230,2185,2215,43808,96541965,0.0,36367289815,9317690.0,1035870.0,20250103
331520,596,625,591,607,51576,31552093,1.17,30874684730,501003.0,,20250103
199480,6740,7040,6540,6960,345108,2363062880,3.26,70307400480,177825640.0,,20250103
438700,3040,3065,2965,2990,41496,125041435,1.01,33323221100,16220700.0,,20250103
066410,0,0,0,1153,0,0,0.0,99670679144,,,20250103
382900,13630,14480,13500,14160,70119,986778620,3.89,124055760000,150880390.0,-28760.0,20250103
206400,3085,3230,2980,3220,386089,1205403265,2.88,120782708760,-70646705.0,10165.0,20250103
019010,2065,2065,2025,2040,19197,39079735,0.49,98328000000,-1155890.0,163335.0,20250103
177350,0,0,0,202,0,0,0.0,18053152686,,,20250103
457600,4190,4295,4155,4210,449789,1901437285,0.48,57708575000,75988200.0,-15894765.0,20250103
424760,824,824,811,817,14626,11936189,0.12,16066306634,102593.0,,20250103
225530,4770,5230,4640,5100,797764,4046758845,6.14,185327507700,-160341965.0,,20250103
250000,10000,10000,9740,9930,26061,257206030,-0.3,67034778690,-5420950.0,,20250103
310210,80400,86500,79100,85400,311047,25746154400,6.22,1567652956800,882809000.0,899177800.0,20250103
006910,2610,2625,2585,2605,162305,422923730,0.77,127983191520,-7586495.0,-10.0,20250103
226340,1410,1432,1396,1422,354839,503849966,1.57,59656341240,192267313.0,,20250103
014470,1665,1721,1650,1687,245928,415942353,1.32,101308162620,102500260.0,,20250103
008470,3770,3820,3765,3820,6750,25619990,1.06,32106336000,154435.0,656860.0,20250103
338220,25050,25350,24400,25250,142546,3558379000,0.4,350677479250,-352235400.0,85480100.0,20250103
100120,21150,21450,20900,21350,4483,95256700,1.18,213539817750,12862550.0,7845300.0,20250103
406820,11700,11790,11540,11640,16785,195833780,0.17,41136225600,2194840.0,21855490.0,20250103
337930,6380,6630,6250,6560,299798,1929211760,2.82,192283748320,-161713240.0,6566350.0,20250103
099390,5070,5130,5020,5100,5693,29000220,0.79,41862243300,1217670.0,,20250103
064480,5660,5850,5650,5730,95303,547335850,1.06,68487825000,-6835170.0,10.0,20250103
288330,4200,4700,4045,4530,1987388,8779784325,7.09,228365136900,-574854615.0,320365665.0,20250103
365900,2910,2915,2875,2910,21500,62604000,-0.34,21272973000,-147945.0,,20250103
089970,6930,7260,6900,7180,50294,356913410,2.57,172862772100,334400.0,-673720.0,20250103
251630,4350,4395,4245,4385,57801,250143710,0.8,69909555110,6519700.0,5876000.0,20250103
018290,41000,41050,38450,39150,1081384,42324827650,-3.81,1401491974050,-9258181850.0,-446424400.0,20250103
439580,12100,12360,11910,12310,113595,1384848450,2.16,137505420510,108718760.0,-2683710.0,20250103
033560,3005,3305,2950,3005,223881,699466340,-0.99,51385500000,-6099465.0,,20250103
369370,1635,1697,1627,1640,13703,22367924,0.37,81789934040,-101054.0,,20250103
126340,29150,29650,28600,28900,11171,325606850,2.66,175859910200,6513450.0,15524750.0,20250103
121800,0,0,0,3320,0,0,0.0,256309348520,,,20250103
082800,6700,7070,6600,7060,1362256,9367172860,6.17,353738941960,-464017030.0,-2230.0,20250103
318410,7700,7890,7700,7780,7166,56014350,0.0,43219790540,441470.0,,20250103
419540,1740,1749,1720,1739,148257,257596093,0.0,39983976629,-4464769.0,-26770485.0,20250103
146320,8010,8700,8010,8590,62702,535364570,6.05,109891208570,111946440.0,15205890.0,20250103
200780,4650,4720,4575,4720,5686,26650970,1.51,41972052480,825850.0,1045355.0,20250103
413640,8270,8350,8080,8200,11509,94603010,-0.85,59096908000,-22837560.0,,20250103
141000,7060,7460,7060,7460,23754,173178690,5.22,90375736600,42340630.0,43200000.0,20250103
083650,15470,15950,14650,14840,1634298,24621550260,-3.2,459214525000,-3078757710.0,-1663130640.0,20250103
445360,2070,2070,2065,2065,2024,4188845,-0.24,8900150000,-7970.0,0.0,20250103
473370,1955,1989,1955,1958,20212,39603030,-0.15,8243180000,489049.0,-19437117.0,20250103
065170,0,0,0,234,0,0,0.0,20819110806,,,20250103
086670,7240,7580,7240,7490,6636,49342880,2.88,68347553260,7898910.0,-14346230.0,20250103
335890,8120,8210,8070,8130,635221,5163461310,0.12,474947486250,720820300.0,-76346380.0,20250103
230980,0,0,0,229,0,0,0.0,21370407553,,,20250103
082920,23050,23750,22900,23450,200653,4696632100,1.3,536353394850,-511573300.0,135857800.0,20250103
054220,509,527,489,518,662218,331720505,0.97,26501189764,35499038.0,,20250103
042370,7140,7160,7070,7150,114672,816259550,0.28,187330178750,75204700.0,557700.0,20250103
050090,707,735,700,729,43204,31223927,2.1,14423071815,2510481.0,,20250103
148780,985,1008,976,1007,71208,71137442,2.23,31665845075,8962464.0,,20250103
307870,930,975,930,970,248410,239572958,4.3,43938942630,49765213.0,,20250103
357880,2440,2640,2440,2540,1424863,3603931320,4.1,86163678320,221010520.0,-27411325.0,20250103
032850,4940,5010,4925,4990,86722,431861035,1.01,82950232070,-24314610.0,-20.0,20250103
238200,2975,3090,2975,3065,7342,22346585,3.03,25071700000,711145.0,206965.0,20250103
093190,4295,4365,4295,4345,3935,17061545,0.23,83593042225,-821090.0,2012170.0,20250103
065450,4160,4210,4140,4210,259828,1086546310,1.2,120628288000,163268645.0,,20250103
210120,23850,26000,21500,21600,167606,4045834000,-9.24,67923576000,7433650.0,2902900.0,20250103
044480,487,514,487,502,81004,40527538,3.29,20413191456,6898516.0,,20250103
069540,996,1138,990,1036,1407826,1488452258,2.78,47694931844,59927603.0,,20250103
072950,3565,3620,3420,3605,18668,66221045,0.56,29029659050,7153775.0,,20250103
451250,9870,9870,9620,9780,73714,726898340,1.03,98678997060,85210510.0,-88716750.0,20250103
143240,18110,18210,17410,17850,37379,665700370,-1.82,209010344550,-37390620.0,-89835560.0,20250103
466410,16430,16910,16230,16910,78107,1288337500,1.56,85176058930,-181503510.0,8298060.0,20250103
452430,14590,15250,14420,15230,111105,1662839680,5.18,123308994420,205177720.0,25153270.0,20250103
419120,5680,5860,5680,5850,11661,67724840,2.99,45479807100,10459830.0,,20250103
122350,1223,1244,1221,1232,101875,125393816,1.07,47234175296,-44921422.0,,20250103
419050,1730,1757,1710,1743,169335,295241531,1.93,99693046320,61912373.0,,20250103
014970,3060,3090,2900,2965,109218,323089080,-2.63,44845625000,372680.0,,20250103
018310,20550,21100,20550,20900,3353,70188750,1.21,307230000000,-2489450.0,1005700.0,20250103
053700,4250,4415,4250,4370,98077,429257840,0.69,99973320300,65130755.0,1824635.0,20250103
009620,2680,2785,2600,2670,601041,1632708605,-0.37,39401670600,-112551320.0,0.0,20250103
023600,8120,8220,8100,8160,7375,60146520,0.37,131947200000,572560.0,-16263940.0,20250103
425290,2095,2100,2095,2095,50477,105848360,0.0,11564400000,-2017485.0,-51366400.0,20250103
439250,10370,10400,10370,10390,12867,133620900,0.19,36385780000,-41590.0,0.0,20250103
448740,10050,10070,10030,10070,13061,131356700,0.2,46966480000,10412140.0,-55114260.0,20250103
468510,1881,1904,1871,1881,80007,150532062,0.0,20785050000,39429.0,-60945202.0,20250103
009300,16800,17340,16800,17270,14540,250303160,2.8,110009900000,20791720.0,60.0,20250103
361670,4725,4890,4700,4800,4267,20613520,1.59,27204758400,8064245.0,,20250103
054540,4710,4765,4500,4565,154099,702938195,-3.08,59345000000,119014670.0,1491885.0,20250103
065570,1650,1650,1550,1628,282359,454756720,1.12,25925299268,27303877.0,,20250103
032280,2690,3000,2690,2860,968605,2789092955,4.57,46370867400,22393810.0,6685.0,20250103
002290,3965,4085,3835,4060,264313,1050844720,4.24,50344000000,177525550.0,-9445.0,20250103
037460,8490,8570,8470,8520,44383,378872820,0.35,139033807440,9174270.0,215566160.0,20250103
032750,4225,4270,4200,4200,19243,81393660,0.48,37930712400,1151570.0,-1123545.0,20250103
054090,726,744,726,744,26240,19352291,2.48,18569668608,3522187.0,,20250103
000250,150500,162700,150100,155400,648153,101991980200,3.05,3645291148800,3459273100.0,-2327452800.0,20250103
024950,4200,4330,4195,4330,34998,149265960,2.49,57474588410,38314870.0,-18985.0,20250103
038500,2950,2975,2930,2960,99930,295823915,0.0,319432265760,27397775.0,-6726540.0,20250103
437730,9940,10010,9310,9370,2004994,19182883950,-9.12,297099902790,-336022710.0,-1127724610.0,20250103
017480,4455,4570,4455,4550,4966,22525675,1.34,71448149500,-1067390.0,20.0,20250103
046390,1340,1387,1340,1369,134941,184558185,2.16,59103745277,-38813476.0,,20250103
027580,1263,1305,1263,1302,536345,694373400,2.36,77054025258,220948093.0,,20250103
038540,1482,1560,1479,1520,55489,84361643,2.56,84099035760,19171810.0,-19228626.0,20250103
452670,1971,1982,1963,1982,2137,4211172,1.07,10346040000,0.0,-1378751.0,20250103
091580,7340,7820,7330,7760,57008,437184570,5.87,104202979440,113222370.0,-2767600.0,20250103
263810,2820,2845,2795,2810,52675,148265210,-0.53,40027657580,14224060.0,,20250103
089980,18890,19380,18890,19310,30046,576667250,2.28,308748304470,110109200.0,-148500.0,20250103
042940,4790,4955,4665,4775,6642,31623825,0.0,19013161850,-363945.0,,20250103
042600,9820,10290,9780,10150,14175,142890150,5.18,126099276100,58265510.0,80.0,20250103
107600,16020,17110,16020,16800,24818,418217940,4.48,83689956000,127267760.0,-2269020.0,20250103
411080,6930,6970,6830,6960,113713,784438400,-0.43,106130520480,-120971110.0,38679700.0,20250103
252990,4055,4360,3980,4300,305049,1303393240,5.52,251068670900,208210190.0,-8197400.0,20250103
378800,3870,3945,3820,3930,1607364,6243463675,1.55,118462111830,553982785.0,96970.0,20250103
294630,3355,3395,3320,3355,182374,611515465,0.75,80451084945,91177695.0,,20250103
038070,7320,7420,7170,7280,110397,806884430,-0.82,64796921280,5846640.0,-30.0,20250103
006730,5450,5570,5450,5520,55706,307550390,0.36,363916614960,-57650440.0,25269700.0,20250103
079650,1249,1252,1212,1251,18445,22580032,-0.08,25020000000,881082.0,,20250103
100660,3775,3790,3700,3755,34178,128140805,-0.53,47313000000,15956180.0,,20250103
019770,3405,3550,3405,3540,12431,43349700,2.91,41241000000,405860.0,10.0,20250103
043710,605,640,605,628,85856,53684610,3.8,31524896640,3009787.0,,20250103
092190,3070,3150,3030,3130,43235,134754160,3.3,143568038790,39267360.0,15375.0,20250103
046890,7100,7270,7100,7230,222827,1609495590,1.83,421548042000,362226610.0,50840790.0,20250103
063170,6910,7200,6860,7200,182416,1306223190,4.2,127974722400,117716730.0,-127490.0,20250103
027040,233,238,232,237,75088,17711721,1.72,16492556739,-874219.0,-3589.0,20250103
018680,3385,3450,3335,3440,10244,34920810,1.62,40108057360,1436260.0,,20250103
093920,5520,5530,5490,5510,15076,82968230,0.36,102486000000,13356070.0,-5854190.0,20250103
189860,4120,4120,3845,3895,46132,180484215,0.26,37776748100,-6602070.0,,20250103
178320,27900,29750,27600,27950,2134026,61309132700,2.19,1572130314300,14598383300.0,-9698843800.0,20250103
122690,1960,1965,1916,1962,16692,32597481,1.87,42858732420,-2483959.0,,20250103
140070,2575,2620,2535,2590,45103,117017260,0.58,95798920000,-20560960.0,,20250103
011370,864,871,844,856,101231,86386198,0.59,86366004440,6453538.0,0.0,20250103
065710,20900,20900,20400,20600,5450,112422150,0.0,106090000000,-50467450.0,-1099850.0,20250103
035890,1565,1608,1565,1597,489889,781982250,2.9,367004105829,54876850.0,404946188.0,20250103
357550,38050,39000,37900,38700,5813,222602450,1.71,211108500000,17413800.0,2768700.0,20250103
003100,14590,14600,14490,14600,6729,97946720,0.62,96360000000,-13956520.0,-639370.0,20250103
067370,7160,7500,6920,7240,6617,47430350,1.12,89150138200,1294320.0,-69640.0,20250103
171090,45800,45850,44750,45100,47801,2160955400,-1.74,428197665500,-492353450.0,49282850.0,20250103
086710,9590,9590,9260,9440,33110,310665040,-0.11,115198963200,-26188170.0,-46856960.0,20250103
014620,24850,24850,23300,23750,775951,18454946350,-3.26,663302991250,-3675201600.0,-1079878350.0,20250103
037350,4940,4940,4830,4850,16398,79770715,-0.41,75029500000,-16082750.0,-11843180.0,20250103
458650,17040,18740,17040,18020,232759,4218854350,5.32,271122973400,294812440.0,-133126640.0,20250103
081580,3540,3600,3500,3540,32135,113935585,0.0,54898826220,32187665.0,,20250103
045300,2585,2675,2575,2660,18818,49421310,3.3,27003210780,1642845.0,-69365.0,20250103
015750,4995,5170,4995,5100,245017,1252971445,1.59,408000000000,-269392490.0,-5570590.0,20250103
365340,35350,38350,35350,37600,48940,1835185050,6.36,456764800000,539542950.0,-83957250.0,20250103
080470,3600,3680,3505,3680,6707,24326125,2.22,26864000000,-704260.0,-2920.0,20250103
043260,1130,1174,1127,1173,199142,231078640,3.26,71555567697,84987491.0,-10790458.0,20250103
148150,8720,9000,8580,8800,425932,3731263830,-0.56,315571775200,-412481960.0,38138920.0,20250103
188260,2720,2790,2690,2730,31410,86308910,1.87,19733723100,22961375.0,,20250103
053060,1052,1070,1042,1050,26804,28176629,-0.19,18540289950,1379977.0,,20250103
340440,1185,1200,1175,1187,11137,13266617,1.02,33685118068,-110914.0,,20250103
017510,4750,4785,4660,4780,97956,465915980,0.63,72875880000,465830.0,,20250103
011560,10160,10610,10130,10150,49163,501365150,-0.1,106879500000,-76210230.0,-75334400.0,20250103
396300,2355,2465,2355,2450,73535,178827715,2.73,64899275000,13473340.0,0.0,20250103
100700,2490,2530,2475,2490,51893,129623470,0.2,109062000000,-601310.0,0.0,20250103
024830,5860,6000,5860,5920,335,1991050,1.02,49432000000,-248560.0,59000.0,20250103
258830,0,0,0,412,0,0,0.0,22983976612,,,20250103
036630,415,444,405,419,2510112,1062588269,4.75,83800000000,17346009.0,3469272.0,20250103
039310,1530,1630,1529,1580,16878,26202977,0.77,28632233860,361058.0,,20250103
067770,2355,2360,2255,2320,5666,13097570,-1.69,19480095760,-410330.0,,20250103
053450,5600,5640,5550,5600,112518,628098340,-0.71,82839696800,71279400.0,-83453050.0,20250103
222810,0,0,0,1080,0,0,0.0,81712098000,,,20250103
252500,869,874,843,872,254431,217749104,1.4,36176132080,105240923.0,,20250103
321370,1698,1740,1630,1689,219487,369572473,1.75,44494585305,31270761.0,,20250103
347000,1930,1960,1930,1930,39793,77457042,0.0,63699603680,13767612.0,,20250103
331920,3320,3400,3315,3360,29644,99352520,0.6,27431537280,33345560.0,,20250103
471820,4920,5120,4875,5020,75420,375838130,2.03,58453276580,44376220.0,-6304375.0,20250103
049180,2425,2550,2360,2450,3137516,7705005525,0.62,126213969700,-100279495.0,,20250103
299660,5410,6060,5260,5370,2046471,11451579010,3.07,113322986490,-116800250.0,,20250103
268600,0,0,0,6680,0,0,0.0,248384003120,,,20250103
108860,12800,12810,12210,12370,501817,6207880620,-0.96,332935952300,-1652830220.0,179558540.0,20250103
208370,4240,4240,4125,4185,255988,1066569975,-0.59,107724260340,-177588540.0,-2888845.0,20250103
318160,3185,3235,3150,3225,15988,51090225,1.26,29866405725,11860710.0,,20250103
308430,12400,13100,12310,12870,391909,4987174460,6.45,164748985830,154950870.0,-18543970.0,20250103
068760,55300,56000,55000,55400,112262,6238684500,1.09,2304838719800,-76193200.0,216295400.0,20250103
068940,0,0,0,778,0,0,0.0,29766744466,,,20250103
060230,941,993,941,961,1279078,1228131344,1.16,45187987279,138752891.0,,20250103
290690,8340,8470,8020,8160,289376,2399176570,-1.92,371805014400,-305993880.0,,20250103
950200,4040,4125,4040,4085,14007,57276610,1.62,78579276505,-2464100.0,,20250103
032680,299,305,296,301,160924,48283701,0.33,31782819964,4844982.0,,20250103
032685,7250,7250,7050,7050,494,3525300,-1.95,2517851100,,,20250103
258790,1054,1072,1006,1072,208946,217204177,0.75,26790656448,-311327.0,,20250103
066910,1021,1080,1021,1040,167849,174710462,1.86,35135629360,44800107.0,,20250103
035610,3990,4060,3965,4050,29621,119045640,1.38,110751287850,1916230.0,2482010.0,20250103
357780,162300,172200,162300,170500,20315,3446882900,4.6,1326245503000,486559100.0,356122400.0,20250103
036830,35100,37950,35100,37350,57720,2152359650,5.36,783007491600,330184150.0,208316750.0,20250103
304100,23800,24150,23250,23950,193917,4594003400,-0.42,290527103600,-600627500.0,212289200.0,20250103
328380,854,881,820,878,45660,39816284,2.93,30082719084,8685119.0,,20250103
086980,3165,3215,3135,3185,977874,3105557555,0.63,199502030000,23211265.0,-400642425.0,20250103
050960,17910,18500,16840,17190,195983,3399103540,-4.76,116049690000,-259553220.0,-1170650.0,20250103
084180,5730,5920,5730,5840,49474,287471770,0.0,100132774320,-3486930.0,-4230.0,20250103
253840,7620,7990,6700,7010,6040513,44325565020,9.19,117369832000,-48136160.0,-50421020.0,20250103
298830,4770,4780,4655,4780,614399,2899225045,0.0,251519111580,-127786385.0,-14160.0,20250103
236200,24750,25150,24700,25100,14867,371168100,1.21,180551152300,16202950.0,,20250103
094840,6920,7030,6690,6880,198438,1361562800,-1.43,72046259200,38703700.0,,20250103
192440,19100,19680,19050,19390,4160,80231450,1.52,120535278570,-4979260.0,-19390.0,20250103
424960,14360,14790,14150,14630,1247326,18138597050,-1.68,228993734200,239483610.0,-27038370.0,20250103
099440,3680,3680,3560,3645,810820,2934009310,-1.49,146687171130,-429488350.0,-1556710.0,20250103
276040,3275,3510,3210,3425,67504,231737955,5.55,42999073450,32473385.0,73090.0,20250103
159910,609,627,602,616,98774,60943936,1.82,22428620368,6936449.0,-15969000.0,20250103
060240,421,435,416,430,64898,27645224,2.14,13895096970,1839917.0,,20250103
115570,2520,2650,2520,2630,27469,71656105,4.78,20999256040,4053895.0,4365.0,20250103
330730,3735,3775,3695,3760,29176,109357040,0.53,68247120800,-3887635.0,97715.0,20250103
352090,3130,3145,3095,3130,19179,59744485,0.0,84112483740,5177300.0,,20250103
253450,42200,43450,41950,42350,79103,3368583950,-0.59,1272977390300,813104700.0,-1512773150.0,20250103
408900,2415,2500,2405,2460,172531,422808600,2.29,80457089640,79156620.0,,20250103
204630,0,0,0,4650,0,0,0.0,23668225650,,,20250103
415380,8450,8600,8370,8530,19926,169443540,1.91,36043497940,35185580.0,21326400.0,20250103
013810,3530,3625,3530,3605,93836,336838120,1.98,52832969350,66498320.0,-5.0,20250103
049830,7590,7590,7410,7580,3008,22448970,-0.13,46481408960,-69690.0,,20250103
020710,4005,4175,3990,4095,493720,2021655935,2.38,82096437150,-8368830.0,-595570.0,20250103
033170,886,933,879,923,577576,529240010,3.24,79127238437,4861187.0,,20250103
048870,2630,2665,2610,2655,182535,482301800,0.95,219590653320,-38081935.0,-4545030.0,20250103
025320,6150,6400,6110,6300,526832,3307586580,3.62,528052996800,164455660.0,-2114930.0,20250103
269620,0,0,0,889,0,0,0.0,132090012299,,,20250103
056090,1041,1073,1031,1040,173741,182597203,-1.42,107389397440,-23886120.0,-3254869.0,20250103
429270,5580,5750,5300,5530,49766,275853970,1.84,24919562500,-7335810.0,,20250103
418250,0,0,0,6550,0,0,0.0,52279100100,,,20250103
131090,840,928,837,923,479906,431230338,9.88,40612000000,8425053.0,-632296.0,20250103
232830,3020,3400,3020,3400,1085760,3542827085,14.67,39805404800,-29001265.0,-9010000.0,20250103
290520,2405,2405,2325,2335,4606,10763055,0.43,37195060270,-548190.0,,20250103
001000,999,1024,985,1008,89256,89289171,0.9,24471760320,10089202.0,,20250103
025870,6340,6390,6220,6230,17851,112136090,-1.27,24920000000,7904980.0,,20250103
215600,2560,2560,2520,2555,407745,1037264715,0.79,350973004375,126971355.0,960630.0,20250103
065350,108800,111000,101500,102100,731922,77191653600,-5.2,2806111090800,-3349480800.0,-653859100.0,20250103
416180,28700,29450,28500,28700,56598,1638831650,0.0,259441628600,91458450.0,,20250103
162300,2585,2695,2585,2670,206887,549825725,2.1,110728589940,43460740.0,18177140.0,20250103
290560,6030,6200,5970,6140,8109,49781390,1.82,23810748080,-505360.0,3304440.0,20250103
002800,5540,5570,5450,5550,57069,315766930,0.54,84196275000,98510660.0,,20250103
472220,2060,2085,2055,2070,4418,9118695,1.22,9708300000,14730.0,3563085.0,20250103
430220,2115,2115,2095,2105,29778,62504265,-0.24,14229800000,285815.0,-20587665.0,20250103
445970,2125,2125,2105,2120,2245,4750345,-0.24,11363200000,-2105.0,1126600.0,20250103
017000,2990,2995,2855,2985,45656,133515260,3.47,34829060595,-37369480.0,-168725.0,20250103
012790,6500,6570,6480,6500,11705,76283270,0.0,77911697500,8150900.0,,20250103
138070,2550,2625,2550,2605,216288,560354215,2.16,45595846420,-2787295.0,,20250103
226330,5650,5950,5520,5860,207681,1200414770,3.53,89414663500,148080840.0,-2745170.0,20250103
418210,0,0,0,2245,0,0,0.0,8216700000,,,20250103
452980,1948,1948,1943,1944,31468,61213780,0.05,36751320000,-644415.0,1944040.0,20250103
474660,2040,2045,2015,2040,12500,25350335,0.74,11260800000,25375.0,12603825.0,20250103
474930,2050,2075,2050,2075,3605,7438385,1.22,7511500000,-8280.0,6312205.0,20250103
487360,1925,1933,1925,1932,60237,116230853,0.21,10896480000,-162.0,51484934.0,20250103
487830,1998,2005,1997,2000,22686,45353847,0.1,8700000000,-368126.0,18505857.0,20250103
056700,1675,1698,1671,1692,8064,13603330,0.06,49296573972,1366848.0,,20250103
187270,2940,3005,2930,3005,25506,75445415,1.69,30482254225,6464245.0,,20250103
243840,5010,5300,5000,5190,106233,551797810,3.59,201989791650,191020570.0,-101622390.0,20250103
257720,34200,34800,33250,34550,1288604,44068882300,2.52,2103170234700,584081650.0,4805871650.0,20250103
222800,10810,11420,10810,11200,174088,1958829920,2.56,356766401600,152705010.0,-153257070.0,20250103
036710,1054,1100,1054,1100,80777,87371700,4.36,53595606900,3189762.0,,20250103
160980,9100,9290,8830,9240,68776,630373460,2.67,100940005320,118522310.0,758510.0,20250103
356890,2950,2950,2890,2900,19705,57558090,-0.85,34557342500,2927200.0,,20250103
217330,4975,4990,4735,4885,42289,207017700,3.61,112987837095,34786040.0,-1091675.0,20250103
010280,653,653,635,643,38541,24778601,-1.53,41874594398,-55113.0,,20250103
208640,296,313,290,306,701629,211844287,2.68,42607517724,36155704.0,-3209894.0,20250103
222420,618,625,615,624,30194,18733552,0.48,28367184144,-210182.0,,20250103
037760,1425,1441,1405,1425,3275,4675468,0.0,48211912425,-87835.0,,20250103
099320,43000,43350,42100,43000,60712,2587329250,0.7,470904954000,-359590950.0,17554500.0,20250103
049960,14470,14660,14310,14330,14709,213203080,-1.24,134702000000,-21630750.0,18670.0,20250103
088280,2580,2585,2510,2560,33751,86187000,0.39,44304614400,-3184045.0,,20250103
050890,7000,7380,6860,6860,13040916,92858101970,0.88,419113284660,-823400.0,393422290.0,20250103
394800,5280,5380,5080,5300,2427671,12679035230,0.57,167925253000,-523880670.0,34030080.0,20250103
177900,7440,7550,7320,7400,341240,2532877730,-0.54,68722320000,54243330.0,-370109400.0,20250103
475400,25350,26150,24300,25500,1588560,40155617450,-3.59,296014965000,-1364944500.0,2993093650.0,20250103
109670,8150,8340,8100,8220,8647,70869530,0.86,47976868440,14748460.0,,20250103
066790,1460,1482,1441,1451,1225534,1787905048,-0.62,94535608589,-40568310.0,,20250103
222080,7470,7800,7460,7630,416294,3190446660,2.14,590347131570,177316420.0,36675320.0,20250103
352480,44650,45500,43650,45000,92195,4110774700,0.78,450627345000,199536050.0,-638578000.0,20250103
264660,9450,9610,9250,9250,11897,111839510,-1.49,89058038000,4298450.0,-9250.0,20250103
352700,2785,2830,2785,2815,24896,69860520,0.18,76784470685,-12568735.0,-25855.0,20250103
458870,11180,11630,11120,11480,51864,589994670,0.09,144093286400,-22150610.0,5185730.0,20250103
297090,4700,5300,4700,5110,467134,2380419130,9.66,139349700000,16290795.0,39863910.0,20250103
900120,65,66,63,65,641362,41441932,1.56,19537559925,6709433.0,,20250103
359090,1176,1198,1176,1198,221188,263772090,1.27,67957617418,24471911.0,,20250103
115530,409,430,401,406,45838,18653260,-0.73,27592978000,1266961.0,,20250103
115480,673,688,673,681,13606,9259861,0.0,41285323998,498638.0,,20250103
340810,3355,3440,3305,3420,44902,151150920,1.94,36244691460,4044920.0,-11390.0,20250103
376290,2915,3000,2900,2955,6760,19813155,1.37,52177912500,455375.0,-866160.0,20250103
189330,6050,6650,5700,6120,87286,551089890,1.16,37284778080,6488990.0,,20250103
096530,26100,26500,23700,24000,2269992,56566442050,-0.83,1253423856000,-10229302200.0,-2969504500.0,20250103
101240,3830,3940,3830,3930,36446,142056790,2.88,40639921710,30648305.0,-171160.0,20250103
060590,6580,6830,6550,6800,45918,309035350,3.5,164430936000,103866430.0,740.0,20250103
260930,5190,5210,4985,5090,274210,1385914755,-0.97,98448698190,87780540.0,-104606460.0,20250103
413630,1801,1860,1781,1800,41823,75439323,0.0,72510165000,-23967957.0,0.0,20250103
013990,5450,5590,5320,5530,760269,4169787070,1.65,181868074080,-300907740.0,,20250103
123860,20400,20500,20000,20100,41658,841961350,-1.95,243680641500,-146612450.0,-4290400.0,20250103
025980,5400,5600,5350,5520,641394,3536937560,2.22,489234718560,796410550.0,212052170.0,20250103
125210,5900,6200,5890,6130,104801,640087630,3.9,101125322700,217470530.0,18180.0,20250103
357580,5180,5390,5180,5250,7463,39287120,1.35,58906386000,4545880.0,,20250103
052710,3790,3930,3780,3915,25342,97851605,3.3,57218151735,-30469375.0,,20250103
074430,908,940,906,940,76777,71345853,3.52,82557233360,1387323.0,,20250103
092040,3865,3975,3860,3910,105667,414420040,1.16,215121736770,71265575.0,25956415.0,20250103
083930,11820,12270,11820,12270,22082,268925190,2.76,182980031460,75533150.0,328220.0,20250103
149950,7990,8240,7700,8240,28702,228739140,3.13,128605800000,53309760.0,-18930.0,20250103
036010,4515,4735,4515,4700,36776,170634980,4.1,62476789800,64652630.0,-25.0,20250103
050860,2035,2085,2035,2055,24990,51612300,0.24,46237500000,3609800.0,-1570380.0,20250103
136410,6990,7190,6980,7140,31100,220648190,2.29,78676416840,24551530.0,42520.0,20250103
246720,4760,4760,4620,4685,10654,49671390,0.43,63562800500,-2750090.0,,20250103
067390,509,529,508,520,224252,116903500,2.16,183264672240,18430498.0,,20250103
159010,4215,4350,4215,4235,28216,120720450,0.47,56472619665,15693730.0,-27180930.0,20250103
127710,1714,1735,1645,1734,133987,230345913,0.87,60523678188,-4439052.0,160289947.0,20250103
154030,1946,1970,1930,1949,7860,15296275,0.15,22591545048,1077659.0,,20250103
227610,1041,1056,1036,1052,35802,37397986,1.06,37433891444,5381904.0,,20250103
143160,16500,17250,16250,16970,106997,1796809250,3.79,181857138300,57634160.0,42310.0,20250103
054800,9250,9350,9100,9170,4455,40790430,-1.08,94888922520,-12940.0,,20250103
332370,3800,3885,3765,3880,17137,66178935,3.05,51502056880,876195.0,490.0,20250103
339950,2125,2185,2110,2140,285086,611468515,-0.23,96185841700,20680590.0,,20250103
469750,1046,1164,1042,1115,1048895,1175984750,4.99,37839176315,97228645.0,,20250103
460470,4855,4875,4735,4790,410213,1963748285,-0.93,72254132300,-71918845.0,-2312930.0,20250103
099190,15270,15890,15270,15730,43009,674912730,2.14,434797224290,-16752670.0,-2515810.0,20250103
461300,11990,12890,11930,12360,36428,447371290,3.0,161618531880,34606030.0,-1554530.0,20250103
289010,2515,2585,2500,2555,17931,45418190,1.59,32867614535,-7557015.0,-42985.0,20250103
214430,47000,48300,46750,48050,90386,4323632700,1.37,341479818000,-692953700.0,270376950.0,20250103
040910,4275,4620,4275,4585,26485,119396395,5.04,85163050875,44045900.0,-9275355.0,20250103
368600,2945,3155,2945,3115,131553,404410295,4.53,54631947790,88557355.0,,20250103
456010,10330,10650,9810,10000,2611378,26762582460,-1.86,132768560000,152483070.0,724151130.0,20250103
052860,1900,1917,1811,1831,242937,453655548,-3.88,32706885674,-23864658.0,,20250103
464500,3750,4000,3750,3930,505645,1977980630,3.97,54875623590,144958320.0,-1249910.0,20250103
038880,205,254,205,254,12390115,3066790127,29.59,80095014308,-56943476.0,-1934.0,20250103
307180,2570,2670,2570,2625,35887,93536865,2.14,70987423500,-17619490.0,134120.0,20250103
101390,2405,2420,2335,2350,30006,70848360,-2.08,26235933450,-16120860.0,-5874515.0,20250103
461030,11000,11400,10910,11390,80059,890268810,3.55,159662172500,-59201240.0,23378570.0,20250103
451220,8080,8880,7980,8550,407849,3476443860,6.74,67327924050,155481540.0,10405810.0,20250103
090150,850,919,850,867,324138,287332218,1.29,36305879031,3450025.0,,20250103
123010,1195,1493,1170,1493,6214819,8687406588,29.94,48759203206,-84069291.0,-1825934.0,20250103
031310,1912,1929,1902,1914,192924,368373940,0.16,48490493304,5367334.0,,20250103
185490,2630,2670,2600,2665,25190,66375495,1.52,72034374360,-3293010.0,,20250103
059100,4800,4970,4795,4850,17773,86014980,1.04,34293671000,-1921160.0,,20250103
262840,2290,2415,2290,2380,19649,46694135,3.03,45910200000,14209240.0,,20250103
175250,1844,1861,1755,1820,183940,332929477,0.28,68356229760,79111973.0,,20250103
052460,2025,2070,2025,2070,35295,72428895,2.48,30238427520,15504075.0,,20250103
119830,5390,5470,5320,5450,94658,511102180,1.49,116816918650,134751520.0,73501390.0,20250103
052770,940,963,926,947,138026,130900405,0.96,46384008862,25819097.0,-10312185.0,20250103
124500,5210,5620,5140,5520,122200,668038550,5.95,128088989040,39005040.0,,20250103
372800,4605,4735,4550,4655,2292,10621185,0.11,28055638450,331975.0,,20250103
084850,12260,12980,12260,12930,24636,315415740,4.19,293290336620,27207200.0,-16986710.0,20250103
114840,20450,20450,19680,20050,101568,2023320980,-1.72,345700977200,-409910440.0,-6346480.0,20250103
027360,2595,2750,2510,2535,3941224,10346141320,-1.93,306596604210,-1296446895.0,15878105.0,20250103
032080,1245,1286,1205,1266,53536,67720581,0.08,27207642714,1455439.0,-2615724.0,20250103
013310,2515,2575,2500,2545,121993,309957380,2.83,98762751190,675445.0,-27120.0,20250103
059120,7850,7850,7210,7390,277457,2064408480,-5.86,72042124440,-287021810.0,,20250103
203690,5620,6060,5600,6000,35981,207895330,6.76,81546084000,60019680.0,,20250103
158430,6310,7990,6240,7990,26149148,194989037300,29.92,185961696950,771810840.0,1047250180.0,20250103
200350,14490,14900,13890,14360,795270,11408618190,-2.84,143542919000,114864970.0,13364110.0,20250103
321820,12410,12450,11910,12150,614887,7461551090,-4.03,162406741500,135083480.0,-15220.0,20250103
001540,6550,6650,6550,6630,5455,36114480,1.07,86471244600,2013620.0,-496260.0,20250103
053800,68600,70800,68000,69500,131201,9143191700,1.16,773292167000,-230041000.0,653943100.0,20250103
065660,18700,19250,18610,19150,54335,1030950150,2.08,186355792950,79817710.0,61618090.0,20250103
297570,758,801,758,782,110208,86229514,3.17,27073792476,18023016.0,,20250103
260660,3420,3620,3420,3590,60247,213522500,5.12,55024005390,48395300.0,-4940.0,20250103
354320,25850,26750,25200,26250,140646,3666329400,2.54,167773751250,-92189250.0,13074900.0,20250103
361570,2650,2685,2635,2665,49177,130767370,1.72,76600870515,20957625.0,58962315.0,20250103
131370,2740,2785,2720,2770,54733,151211470,1.09,147549819910,-3884845.0,-2790.0,20250103
140670,15500,15750,14850,15750,1463778,22487869220,0.57,146524455000,-1119835270.0,-316990050.0,20250103
096610,0,0,0,2965,0,0,0.0,51550708615,,,20250103
061040,3765,3810,3670,3795,148632,555232630,0.93,121778737905,-114806060.0,86555285.0,20250103
148250,3545,3575,3435,3560,4902,17380070,0.42,26312622160,500150.0,,20250103
347860,1869,2300,1781,2105,3420878,7533850721,18.93,51847850840,264810167.0,-353563170.0,20250103
196170,300000,319500,298000,318500,739646,229685175000,6.17,16982046718000,50098284500.0,21187690500.0,20250103
123750,1440,1479,1424,1454,14304,20577962,0.97,18533115838,819122.0,,20250103
085810,1242,1242,1189,1209,160012,193459382,-2.74,37578088431,-65272074.0,,20250103
043100,1517,1581,1485,1576,103861,160030507,3.68,26134755992,32014139.0,0.0,20250103
117670,0,0,0,945,0,0,0.0,37743429465,,,20250103
314140,5240,5270,5100,5240,9850,51050900,2.95,45411731640,3736010.0,,20250103
291650,1137,1167,1130,1152,553858,640020903,1.41,33730850304,165613138.0,-243771603.0,20250103
293780,6210,6780,6210,6650,93152,607710330,6.06,178761044000,205440310.0,18390.0,20250103
196300,11250,11870,11090,11690,71014,818600960,5.51,70179594030,226388850.0,-37788100.0,20250103
310200,2580,2635,2580,2625,50852,132946290,1.74,119492569875,-7896790.0,10665925.0,20250103
299910,0,0,0,6880,0,0,0.0,32483121920,,,20250103
179530,2015,2100,2015,2095,22122,45636075,4.23,19149230180,15590720.0,-2063210.0,20250103
900100,996,1010,980,1006,101737,101807194,1.82,42451086394,18275204.0,,20250103
205500,3320,3850,3200,3670,2134641,7574239020,13.98,190576200400,79663045.0,-268157035.0,20250103
052790,7380,7500,7310,7400,26164,193494350,0.0,83846721200,-38352110.0,5998430.0,20250103
290740,5070,5200,5070,5140,3009,15491470,0.0,51734156540,19290.0,,20250103
238090,2875,2920,2840,2915,13898,40361500,2.46,68622898245,-242730.0,,20250103
092600,1117,1154,1100,1138,52889,59441359,0.71,28545042346,10317374.0,,20250103
129890,985,997,975,985,47755,46951984,0.2,49883758850,850221.0,,20250103
174900,14510,14630,13550,14430,66958,962051360,-1.03,251444351730,229881440.0,,20250103
255440,7870,7900,7700,7750,5593,43526730,0.39,101199500000,1165750.0,,20250103
030960,9870,11050,9600,10000,1657625,17243967450,1.42,159800000000,-160122590.0,,20250103
102120,7800,8180,7700,8150,187235,1505389450,5.71,144913136950,-2788690.0,7631780.0,20250103
238120,3040,3090,2975,3080,58579,178950325,1.32,44286999680,47054980.0,,20250103
019990,5040,5270,5010,5200,34151,175834960,3.17,50731657600,-3956440.0,40.0,20250103
270660,18610,18620,17550,18110,541432,9755551380,-5.43,222060147620,-1215332480.0,104186110.0,20250103
038680,4150,4275,4135,4230,84911,358359375,1.08,82695133710,22947260.0,20630.0,20250103
217480,0,0,0,499,0,0,0.0,54756837359,,,20250103
121890,1330,1355,1322,1338,51741,69475432,0.6,17783954748,1742173.0,,20250103
304360,17990,18110,17280,17680,62327,1098199220,2.26,207665673280,23448700.0,,20250103
389500,22000,25300,21200,23750,1307512,30481431800,1.5,146653970000,592836900.0,72448550.0,20250103
042110,1404,1435,1394,1428,147227,207299610,0.28,69014617392,11921133.0,,20250103
298060,1920,1970,1917,1918,50482,97695262,0.95,39256181664,21105640.0,,20250103
065420,207,211,207,210,132135,27717805,0.0,15031232790,1538857.0,,20250103
103230,3430,3480,3245,3280,10840,36199345,-4.37,23616000000,-1334195.0,,20250103
260970,41650,43700,41250,43050,50821,2163020350,3.36,124533059700,-40141750.0,67136050.0,20250103
101490,27800,28500,27550,28050,223105,6223728950,0.9,601713088350,-399681050.0,213565250.0,20250103
095910,1492,1568,1480,1528,71224,109050761,2.34,29802880584,7777776.0,,20250103
275630,3290,3355,3275,3300,5169,17021545,0.3,19859363700,-26320.0,4901580.0,20250103
031330,2650,2720,2645,2710,335409,903038765,2.26,270986631570,201893090.0,22210880.0,20250103
060540,1551,1583,1540,1555,111857,174279985,0.32,40637290830,-2834516.0,,20250103
351320,1320,1320,1301,1315,4404,5759246,0.46,28950890090,796328.0,,20250103
056190,19200,19570,19020,19190,61699,1190921260,0.26,689089104400,267331510.0,-366622970.0,20250103
246250,1928,2025,1928,1975,65897,130822232,2.38,30312706850,8450000.0,,20250103
041510,71900,73600,71800,72600,101803,7375300100,1.54,1695473320200,611947600.0,32094900.0,20250103
007820,3900,3970,3900,3910,33844,132805910,0.0,78332728860,-31903095.0,,20250103
464080,13900,14720,13650,14720,4360140,62258297920,4.4,260276537600,516661600.0,75635090.0,20250103
109610,3830,3915,3820,3885,202985,782340725,1.44,190005249000,-73986600.0,,20250103
365330,7940,8090,7800,8000,1247490,9929074280,0.88,244880000000,-282824470.0,,20250103
031860,1699,1699,1605,1629,75508,124141112,-1.33,24477933924,-18923029.0,,20250103
306040,4925,5150,4845,5130,43640,216045600,1.58,50611697640,6426580.0,-49332710.0,20250103
398120,4095,4140,4005,4065,256886,1042064695,-1.57,45018655500,-47370640.0,-71673980.0,20250103
457940,2075,2090,2075,2090,933,1938525,0.72,6917900000,-6255.0,1930180.0,20250103
472230,2000,2045,2000,2010,2630,5271525,0.25,8351550000,-274520.0,-2118110.0,20250103
473000,2085,2085,2045,2055,2615,5352640,-0.24,6802050000,0.0,1436585.0,20250103
473950,1990,2000,1985,1998,2736,5444503,0.2,8831160000,852000.0,-3713160.0,20250103
435870,2085,2085,2075,2080,11235,23356125,-0.24,7737600000,0.0,7186180.0,20250103
455910,2135,2135,2100,2115,1565,3293975,0.71,10617300000,-19015.0,2574275.0,20250103
475660,6450,6790,6450,6790,31997,212482290,5.27,53843579650,13574740.0,-1450.0,20250103
096630,691,721,684,711,382019,271521119,2.3,56439937215,1003353.0,0.0,20250103
069510,10450,10550,10350,10370,9584,100106680,-0.77,113136700000,-26283320.0,-37473750.0,20250103
234300,3805,3850,3790,3825,78391,299515710,0.53,106372668600,-20724995.0,,20250103
039440,17320,18630,17190,18550,486432,8860563620,7.1,293646500000,272006070.0,353619010.0,20250103
098660,2900,2900,2785,2880,9367,26670275,-0.69,36002810880,1956210.0,,20250103
052020,8810,9670,8660,9300,630898,5851018550,6.16,632244606300,-222217070.0,-16943470.0,20250103
237690,85900,92200,84200,91500,278061,24632007500,7.14,1843989252000,4349545600.0,642128200.0,20250103
050760,1324,1354,1302,1335,13927,18492125,0.91,21806795130,33551.0,3108541.0,20250103
288620,9250,9620,9250,9450,10528,99948270,2.16,65954536200,3037920.0,-9490.0,20250103
443670,9030,9030,8680,9010,562295,4981586290,1.46,218054541920,-893873200.0,,20250103
317830,5720,7430,5630,7000,6106037,41499360930,22.38,75416726000,-113757150.0,6314750.0,20250103
058610,27800,27850,26250,26800,1801944,48659376050,-5.8,594353248000,-5331107050.0,-2030622600.0,20250103
043340,556,556,536,550,51919,28411797,0.18,52250000000,-1393285.0,,20250103
163280,13740,13900,13310,13840,351711,4780000380,1.54,113139079760,-537691400.0,16850.0,20250103
054630,0,0,0,158,0,0,0.0,12594094838,,,20250103
200710,16280,20500,16070,18950,2091505,39894381670,16.4,254703576900,32543990.0,106406750.0,20250103
475580,13300,13630,12620,13460,6108447,81426744570,5.57,179706882800,-739084150.0,-181743950.0,20250103
096690,1690,1718,1658,1685,76860,129479635,-0.3,56409063465,-6914429.0,,20250103
298380,30100,31400,29550,31150,678046,20680176300,4.71,1503982493300,116526250.0,2000012700.0,20250103
203400,7150,7230,7070,7150,22702,162282550,0.0,197966447250,-11573610.0,3614140.0,20250103
195990,436,443,420,435,487318,212290848,-1.14,123840028635,3684885.0,-1603747.0,20250103
003800,24900,25400,24850,24950,1045,26097850,0.2,276695500000,-1783800.0,,20250103
088800,736,759,733,750,154439,115168733,2.32,136463901750,8916428.0,,20250103
241840,7560,7810,7560,7800,15830,122594220,2.09,74411953200,37024430.0,39919170.0,20250103
453860,19950,20100,19160,19970,14748,293087430,4.28,112974583550,36321370.0,210.0,20250103
312610,1199,1244,1180,1203,16374,19795063,0.25,24369036264,180392.0,,20250103
172670,9180,9610,9020,9320,509759,4744187690,1.19,83509613880,-193551640.0,9503240.0,20250103
445090,38050,41700,36950,40450,3176668,127250927950,9.62,435714698700,-801138100.0,3584498800.0,20250103
295310,28350,28450,26350,27350,1645078,44764295700,-0.18,325517812850,-3493102850.0,587321200.0,20250103
072990,7750,8030,7730,8010,25298,200909780,3.35,58371601410,24781220.0,,20250103
044990,16040,16270,15930,16270,4162,67105010,1.43,130746761280,19837270.0,3912590.0,20250103
239610,12270,12600,12270,12500,2875,35894500,-0.08,67401437500,17694250.0,,20250103
462020,1997,1997,1975,1975,29357,58540983,-0.95,8581375000,-833450.0,49855250.0,20250103
477340,1937,1951,1937,1950,14415,28074872,0.46,14644500000,1157675.0,-5200589.0,20250103
148930,3515,3720,3515,3690,7548,27569345,4.98,37546535970,9211830.0,,20250103
376270,17490,18500,16940,18040,114273,2019914830,5.19,125595183560,157410540.0,21212790.0,20250103
044780,1210,1210,1153,1162,58587,68908942,1.84,21503724494,-2405961.0,,20250103
357230,2465,2555,2465,2550,19143,48366160,3.45,107328191850,-3670495.0,7613850.0,20250103
355690,5260,5340,5130,5190,9722,51171730,-2.44,28051846200,-2719540.0,,20250103
071670,6090,6450,6000,6250,120027,745677690,3.14,62500000000,30387710.0,20.0,20250103
045660,33550,34300,31100,32300,1368158,44901328400,-6.1,266798000000,111077550.0,-149525050.0,20250103
224110,20500,21150,19470,20250,264931,5367387290,-1.46,108135000000,42602820.0,-2193320.0,20250103
021080,2220,2245,2200,2240,127778,285403675,0.67,107520000000,51898005.0,324785.0,20250103
200470,2105,2400,2090,2325,693830,1604211720,10.45,98491866225,183052270.0,32760.0,20250103
262260,5000,5430,5000,5360,23086,122189310,5.72,77549294720,14832760.0,-5360.0,20250103
397030,16260,16800,16110,16700,243892,4024537670,3.09,374674453200,-399141400.0,14368450.0,20250103
230240,18470,18830,17380,18610,231873,4217151800,2.08,247680490000,334945240.0,495393510.0,20250103
230360,9760,10000,9730,9880,64506,636643790,0.51,310904126520,50403230.0,-11536850.0,20250103
038870,3930,4065,3925,4050,254870,1020648630,2.53,56760543450,114676975.0,,20250103
097780,888,905,885,899,30358,27213622,1.24,60889573862,413262.0,-128593.0,20250103
448280,24400,25050,23650,24800,230634,5634787600,1.43,244950666400,-318326800.0,-39068850.0,20250103
101360,21950,24450,21950,23750,368415,8684002550,8.2,422420207500,1141108750.0,126606700.0,20250103
128540,1310,1343,1260,1320,79342,104947613,0.76,35231407200,31922259.0,,20250103
086520,55500,63100,55500,60800,3045565,184977567300,10.14,8094811072000,12079589700.0,935961500.0,20250103
247540,105600,115200,105600,113000,910881,102475642000,7.11,11051551872000,22030229900.0,-138250800.0,20250103
383310,32600,34750,32500,33000,409388,13702643450,1.23,692172756000,-374673150.0,164231150.0,20250103
038110,2305,2385,2305,2375,114448,269869615,3.04,97777253750,34658365.0,9500.0,20250103
073540,1365,1431,1353,1431,126390,177901908,4.84,16313400000,2034632.0,,20250103
064850,7780,7900,7600,7860,16191,126472860,0.13,89685209520,4672970.0,,20250103
036810,15760,16620,15560,16430,107496,1760406980,4.25,357464043270,-128707320.0,9986370.0,20250103
173940,2775,2780,2695,2710,12236,33180115,-2.34,41714509680,-2439600.0,-12735265.0,20250103
083500,8100,8380,8070,8250,10840,89061570,1.85,70749706500,12968020.0,,20250103
054940,704,721,699,720,68160,48197598,3.0,23884954560,3871885.0,,20250103
950130,5650,6210,5490,5510,1546191,9024521100,1.66,207880354320,-1381471790.0,,20250103
373110,4230,4495,4190,4415,271399,1194055090,4.37,48205009730,149495760.0,533115.0,20250103
205100,1965,1966,1933,1955,405910,790580395,-0.51,140688507605,-89557515.0,108879091.0,20250103
356680,11420,12400,10650,11030,5874793,66596286290,-3.16,314834716760,-1692324520.0,-3220643210.0,20250103
070300,2890,2940,2835,2905,40329,116091840,-0.51,28842356410,-13009480.0,,20250103
317770,2840,2975,2790,2940,228548,662023350,2.62,69823844580,219384480.0,-50157160.0,20250103
373200,638,650,623,628,392604,247266879,-1.57,47543152596,-31248626.0,,20250103
069920,904,909,880,901,24343,21785183,-0.33,31709898516,-264699.0,,20250103
092870,11350,11930,11070,11620,340965,3964154530,3.2,151650261140,-62864840.0,77900.0,20250103
317870,13740,14200,13660,14050,7946,109944370,2.7,119519837500,18170270.0,52260.0,20250103
067570,2330,2355,2305,2320,89692,208917475,0.65,97834400000,28863200.0,-24725.0,20250103
236810,3115,3230,3105,3215,37105,117707785,3.21,54575994590,33666445.0,,20250103
333620,7950,8210,7800,7960,36300,291229920,-0.25,84028498240,-62845210.0,-8214750.0,20250103
101400,404,405,399,404,51979,20924102,0.0,25113614852,1573846.0,1336887.0,20250103
078860,7920,8000,7790,7800,7801,61375090,-2.5,82142221200,-2735840.0,,20250103
422040,2115,2120,2115,2120,31004,65647620,0.0,15179200000,-469530.0,-9443475.0,20250103
437780,2100,2100,2080,2090,5847,12195920,0.0,10512700000,301025.0,-3383730.0,20250103
438580,2125,2125,2095,2105,2670,5599910,0.48,6357100000,-37710.0,-2435100.0,20250103
439410,2075,2085,2075,2085,7229,15028250,0.48,18348000000,-47940.0,-10123835.0,20250103
440820,2070,2075,2070,2070,5951,12324595,0.0,16146000000,-76590.0,-7792940.0,20250103
451700,1980,1987,1971,1978,25786,50922699,-0.2,28384300000,-59583.0,-4870727.0,20250103
466910,1960,1960,1943,1960,16783,32691849,-0.1,17836000000,-87093.0,-12381782.0,20250103
481890,1965,1976,1965,1971,9307,18332822,-0.45,12505995000,-758308.0,-308056.0,20250103
265740,4785,4845,4730,4750,18904,90391515,-0.63,42426050000,-1957005.0,-6360.0,20250103
354200,1664,1729,1664,1713,213815,363388592,3.01,33812023092,118822726.0,0.0,20250103
455900,26650,26650,25000,25800,849160,21761150350,-3.91,385590829800,-2125615100.0,581479350.0,20250103
419080,9120,9480,9120,9320,13386,125452950,-0.43,98274525640,-8741440.0,4303040.0,20250103
208860,0,0,0,2205,0,0,0.0,67316270805,,,20250103
183490,1485,1492,1446,1474,206592,303647008,-0.74,125386638388,-109055015.0,51977678.0,20250103
182400,0,0,0,2020,0,0,0.0,172748038620,,,20250103
348370,134100,141500,133000,138300,227422,31415285600,3.13,2919544117500,-663930800.0,306876900.0,20250103
069410,3865,4090,3865,3890,77330,309025425,0.65,39852365360,15297010.0,,20250103
227950,440,457,440,452,269749,120533143,1.57,46816139560,-3923802.0,790936.0,20250103
291230,1983,2100,1960,2065,264258,539896598,4.14,91057775375,111362705.0,,20250103
198080,2385,2425,2365,2400,36549,87715140,0.63,51684444000,4331060.0,,20250103
048830,1121,1129,1108,1124,20196,22465980,0.27,21045689452,-29740.0,,20250103
096870,2580,2610,2550,2560,13411,34549145,-0.78,17096704000,139180.0,,20250103
290650,25500,27150,25500,27100,358230,9545812300,6.27,614760546100,-825899300.0,1050302050.0,20250103
156100,6990,6990,6800,6850,29702,204779000,-2.28,136566689550,-8523510.0,-226320.0,20250103
073110,6190,6320,6180,6250,4870,30247810,0.0,55598468750,10484910.0,,20250103
083310,8400,9720,8380,9150,687208,6401760600,8.28,162961801950,541064780.0,-71316220.0,20250103
037950,1040,1046,1032,1042,397637,413473784,0.0,87994314798,72529241.0,,20250103
170920,8640,9080,8620,9060,42900,382887130,5.1,88838917200,158032290.0,-42851430.0,20250103
058630,5240,5390,5240,5390,62235,331764910,2.08,105341497030,4789490.0,-114390.0,20250103
058970,64700,70500,62600,69200,324864,21823824200,7.12,841182052000,2291715500.0,618877300.0,20250103
019590,0,0,0,921,0,0,0.0,104963185182,,,20250103
169330,1990,2030,1990,2025,4017,8111228,0.75,36970258950,-122915.0,,20250103
373170,7310,7970,7020,7210,26552,200299040,-2.57,36323475300,5171980.0,,20250103
179290,8360,8360,8160,8320,95444,787874740,-0.24,269282440960,-147454740.0,-909750.0,20250103
009780,5600,5600,5480,5540,64673,356772880,0.36,97504000000,27549010.0,-12550.0,20250103
123040,2325,2450,2320,2440,52854,127280560,4.05,168780199720,52938745.0,-30935.0,20250103
432980,5630,5680,5300,5330,558300,3049676950,-5.33,45793984860,-79886100.0,81379150.0,20250103
323230,0,0,0,161,0,0,0.0,6967193212,,,20250103
413390,6050,6190,6010,6100,35747,218780800,0.83,70639098000,5574380.0,6640.0,20250103
032790,962,1000,959,999,28244,27593283,3.2,43344834777,1895904.0,,20250103
033160,6600,6840,6600,6770,39785,269061340,2.58,149389060870,58238870.0,30.0,20250103
347890,5700,5750,5560,5710,16832,96135010,-0.17,96574394840,-15772600.0,68141100.0,20250103
033310,1777,1828,1777,1828,32097,57881436,2.35,73745598268,1872369.0,,20250103
259630,7460,7840,7430,7800,53661,414921650,4.56,95802735600,56908360.0,-991970.0,20250103
105550,2460,2535,2330,2375,323165,774011680,-3.46,136057510875,-115128280.0,,20250103
060850,5240,5330,5190,5320,35846,189914130,2.11,43256920000,13716170.0,0.0,20250103
143540,690,699,680,699,24466,16964556,1.3,31175326605,214965.0,,20250103
036560,12600,12830,12450,12730,22477,285070440,1.03,200497500000,139435570.0,-76380.0,20250103
265560,6820,7010,6650,6990,15132,105242240,2.49,74724358200,19072640.0,,20250103
036000,1903,1975,1901,1954,151326,295223949,2.68,45008977258,74159549.0,117476.0,20250103
250930,432,485,432,454,495914,229899470,5.09,14982199760,9913470.0,27834.0,20250103
053280,4640,4760,4640,4730,139960,660022440,1.28,118250000000,229055440.0,-10.0,20250103
122640,10180,10480,10090,10450,174347,1800066050,2.45,218719628600,-121240030.0,-181368410.0,20250103
900300,474,489,474,489,305478,148585466,3.16,23867719338,50622388.0,,20250103
045060,2535,2565,2530,2535,22942,58375950,0.0,42947904090,-689800.0,,20250103
080520,3075,3125,3030,3115,13988,43001035,1.96,36590687035,315755.0,1056085.0,20250103
039830,5970,6040,5970,6030,2138,12862770,1.01,64900226700,638170.0,,20250103
322310,16720,17740,16650,17550,108630,1879708820,3.97,164382812100,117648020.0,101139480.0,20250103
046120,1969,2010,1969,2000,53390,106579448,1.63,54898972000,47592163.0,,20250103
014940,5320,5470,5060,5100,1075192,5571466600,-4.67,232425671100,-674666520.0,-93741680.0,20250103
065500,6750,7090,6250,6540,10947635,73742665260,-6.84,207598644480,600679730.0,-28662610.0,20250103
010470,7200,7250,7070,7090,36974,264636550,0.28,84903104500,-1613220.0,30.0,20250103
417860,8540,8570,8440,8570,3954,33692480,0.47,37970361980,2732920.0,,20250103
352910,6520,6650,6420,6500,3809,24642650,-0.31,82145713000,83130.0,,20250103
053980,3385,3430,3355,3405,26042,88401210,1.04,64636376115,-4053060.0,,20250103
036220,11590,11680,11410,11490,9611,110346910,0.79,166483389840,26058200.0,11770.0,20250103
052420,1426,1517,1426,1501,1868669,2790303970,5.48,129559103192,741651289.0,128797396.0,20250103
052300,0,0,0,300,0,0,0.0,50595429900,,,20250103
039200,24200,24750,24200,24500,118695,2901227350,0.41,937068062000,123963600.0,46946950.0,20250103
226400,6530,6770,6510,6710,413457,2759285380,1.21,138639342710,273509300.0,-425230490.0,20250103
031510,1215,1250,1207,1219,20567,25082937,0.08,34132000000,1162941.0,,20250103
368970,2715,2735,2675,2685,137725,371319375,-0.37,25094439600,27437925.0,,20250103
138080,10800,10800,10280,10560,21192,221052040,-0.56,112190443200,44929280.0,-15600490.0,20250103
080580,4560,4850,4520,4780,110304,525638170,4.6,84507044440,116696605.0,,20250103
067170,3225,3295,3210,3225,18939,61174360,0.0,49637926125,-409175.0,,20250103
353590,4410,4550,4410,4430,25017,111854085,-0.56,57038775100,6154005.0,,20250103
173130,8830,9330,8680,9100,966540,8722556560,1.56,118722904300,14248120.0,,20250103
440320,6590,6590,6290,6570,135433,873489250,0.61,64418850000,-94142430.0,,20250103
049480,2470,2525,2430,2515,402159,1002619065,3.29,79027293245,163773400.0,,20250103
394280,14840,15340,14410,14700,535068,7983781350,0.0,321544227900,-144100990.0,-195099710.0,20250103
309930,2115,2290,2100,2200,96711,210363735,4.76,46840178000,23167370.0,,20250103
476060,15530,16200,14900,15700,1631415,25506568880,0.64,169622172000,-204454680.0,-767880590.0,20250103
382150,6500,8050,6310,7530,6120373,46073642990,18.96,89290265610,23509130.0,1982290.0,20250103
244460,5050,5050,4595,4770,86399,411664220,-5.73,19218678210,-47248360.0,,20250103
226950,19000,19940,18620,19290,266546,5106998200,1.74,356085163170,90702570.0,-698178770.0,20250103
057540,766,793,756,790,308848,238874700,3.13,48544990450,59733906.0,-344854.0,20250103
131030,6120,6300,6100,6300,238876,1483319970,2.94,101764920600,-39817800.0,,20250103
082210,1779,1819,1759,1770,78891,140793096,0.0,58750501980,-37100183.0,,20250103
109080,9000,9450,8810,9350,125305,1154488600,6.86,52696600000,9947240.0,,20250103
380540,1282,1335,1270,1316,143982,188715040,1.7,39189948336,26918692.0,,20250103
153710,4625,4785,4585,4735,6612,31164930,1.39,69462251130,948330.0,,20250103
432430,4350,4525,4350,4500,65178,291612465,3.93,73981440000,62484430.0,,20250103
338840,7950,8120,7780,8070,50409,400100270,2.15,119294904120,-29228810.0,,20250103
122990,5110,5270,5090,5190,80038,413052060,1.37,143615256270,116686220.0,-217408500.0,20250103
232140,10430,11630,10150,10960,3316374,36981331290,4.48,899217036000,511281710.0,164620680.0,20250103
112290,13700,14260,13390,14010,93841,1302821370,3.24,141648735450,199677260.0,-13510.0,20250103
065530,1299,1307,1294,1301,23373,30367280,0.15,68770860000,3665102.0,,20250103
067900,6140,6230,6080,6150,29671,181918010,0.33,111927902850,18428230.0,-11512550.0,20250103
007530,2355,2440,2320,2365,7518,17857205,-0.42,45347578980,-2592750.0,,20250103
155650,3445,3520,3370,3505,34469,119225190,1.74,68257624790,-31515320.0,,20250103
273640,10480,10750,10390,10700,12445,132829770,2.0,117336200000,64379230.0,,20250103
251370,9810,9900,9590,9810,43720,426754700,0.0,160044891840,51185060.0,111958290.0,20250103
066430,537,544,535,537,52266,28112624,0.0,21025416612,-11836.0,,20250103
209640,13700,13700,13180,13360,1180983,15863890370,-0.89,190000215280,-771134140.0,-1872532280.0,20250103
273060,727,747,711,731,225377,164565924,-0.81,36885954442,4497121.0,,20250103
019210,5070,5140,5060,5130,21074,107600750,1.18,172233691470,3589900.0,-1790070.0,20250103
122870,44600,46250,44600,45950,148003,6755922350,2.8,858853701550,1846307000.0,-108348150.0,20250103
332570,2955,2955,2810,2820,391194,1117676740,-4.57,119099457000,-203612210.0,-225228495.0,20250103
079000,5260,5260,5100,5250,14002,72406770,-0.19,37800000000,4753570.0,-10050.0,20250103
403490,1480,1540,1480,1505,81493,123390574,0.87,68044758320,46491358.0,,20250103
032820,1687,1708,1680,1705,1811738,3076249275,1.07,274314599240,147130631.0,-209160311.0,20250103
041190,7280,7560,7250,7500,1442471,10696957010,4.31,630000000000,102194020.0,-3128830.0,20250103
115440,9530,10450,9140,9370,9825186,96984328710,5.64,100767219430,-11272220.0,-533320.0,20250103
046970,1451,1570,1435,1457,9844352,14754268363,2.53,63853023543,-363287223.0,-347776.0,20250103
082850,2645,2770,2645,2755,828816,2263918130,4.16,133497872390,359533085.0,8265.0,20250103
215360,9910,10150,9910,10090,16907,169835710,0.9,92143524670,54392330.0,-50560.0,20250103
072470,2370,2415,2370,2400,19578,46860810,0.42,45329618400,1347035.0,,20250103
073560,1252,1275,1252,1270,38444,48863642,0.95,87931806610,-6970035.0,-409.0,20250103
037400,1023,1051,1023,1051,41605,43061249,2.74,27560736646,4976585.0,3113025.0,20250103
153490,695,712,695,712,21469,15168985,2.45,36653760000,2346167.0,,20250103
101170,5600,5780,5250,5420,1119740,6208551330,0.37,73170000000,74205360.0,0.0,20250103
066590,3000,3055,2980,3015,90603,272841485,0.5,117805408560,69169355.0,94740.0,20250103
103840,3200,3345,3175,3300,238611,779750260,1.85,54009212400,93101960.0,,20250103
046940,2570,2570,2490,2515,74246,186841690,0.0,45456990250,10295065.0,-175350.0,20250103
215380,1721,1795,1721,1735,153982,270311731,2.06,29199314360,-26149761.0,,20250103
065680,16830,17710,16730,17620,102237,1787729290,3.95,167918600000,-16181250.0,98138330.0,20250103
018620,905,915,904,906,35236,31986858,0.11,26173699458,1670093.0,,20250103
457550,14560,14980,14450,14900,150970,2233259860,2.41,138142951100,449407890.0,521670.0,20250103
396470,7680,8840,7650,8440,2876561,24299482670,9.9,136052800000,-485299880.0,-68469320.0,20250103
307280,1150,1169,1145,1165,38754,44724145,1.3,43057250145,5157896.0,-2019.0,20250103
032940,3540,3550,3480,3510,34142,119909200,-1.4,63858237300,-6877860.0,,20250103
240810,22000,23650,22000,23200,199066,4611917800,4.98,1138746503200,1125102800.0,1616589550.0,20250103
074600,17570,18450,17570,18310,190623,3482178240,3.74,481333280000,841873880.0,-492387630.0,20250103
104830,17450,17890,17230,17730,40825,722960420,1.66,223539840000,-129374700.0,13015810.0,20250103
014190,1451,1472,1451,1464,157693,231173107,1.1,51825462384,61355681.0,,20250103
217820,2320,2410,2320,2410,83997,199829875,3.88,114365487190,49606860.0,-5.0,20250103
030530,2740,2770,2615,2670,2682368,7151555760,-4.98,206225409270,215728290.0,-36895.0,20250103
012620,7110,7270,7050,7250,955,6888940,1.97,31900000000,75030.0,-463020.0,20250103
382840,9680,10240,9670,10090,135769,1365146840,4.24,154090252290,11241100.0,-277080.0,20250103
336570,4730,5340,4720,5330,2705488,13922123835,13.65,476185499270,1230280245.0,305259615.0,20250103
376980,6300,6300,6070,6250,94348,583136880,-0.32,60968712500,-68303550.0,20.0,20250103
008370,3945,4000,3930,3965,32160,127241675,0.63,47580000000,6787005.0,1743970.0,20250103
008290,476,476,468,475,39801,18863093,-0.21,19329497525,-322768.0,,20250103
101160,16330,17150,16330,17080,98046,1662287880,4.08,282007760440,405968410.0,305255830.0,20250103
336060,1251,1283,1238,1279,346507,439789498,2.24,61590500800,111264375.0,,20250103
095270,3990,3990,3870,3940,27682,108748670,-0.88,58986748640,410590.0,,20250103
289930,7420,7620,7350,7540,122083,917005190,0.8,94397731220,38287960.0,-10819440.0,20250103
065950,2350,2350,2215,2255,824314,1878312960,0.0,63661586010,-4469775.0,,20250103
076080,1053,1120,1053,1090,47214,51858587,3.51,24627630040,651435.0,,20250103
043590,799,860,770,771,953477,765438529,-3.38,20922443502,-15936386.0,-3087821.0,20250103
196700,1203,1228,1194,1215,100984,122045720,1.08,17452434960,194617.0,,20250103
069080,13420,13920,13380,13860,57154,786314860,3.43,484419252240,263196430.0,-4859480.0,20250103
053580,10500,10500,9870,9950,258244,2615421070,-5.24,135680667600,-74629120.0,191050.0,20250103
071460,0,0,0,613,0,0,0.0,22047951835,,,20250103
377460,0,0,0,1691,0,0,0.0,26030247855,,,20250103
044340,4680,4775,4655,4765,18823,88870550,1.82,85166870125,-50270310.0,10321495.0,20250103
330350,7030,7150,6820,7010,49315,344854670,-0.28,92546994390,66050460.0,10.0,20250103
348350,6960,7300,6960,7240,26082,187546870,2.99,73729264000,2769660.0,,20250103
112040,34700,36450,34700,36200,136020,4891818150,3.87,1228935084600,1133806300.0,159884250.0,20250103
101730,7700,8000,7640,7980,41819,329554010,4.86,265696430160,53615320.0,154910.0,20250103
123420,6890,7260,6890,7220,15349,109881350,3.59,82812259240,37832570.0,28880.0,20250103
065370,6420,6500,5870,6100,321227,1946180260,-3.79,45042119400,-51337240.0,3066900.0,20250103
038620,825,870,810,821,678292,567937006,-1.68,58417684405,-26702392.0,-8553671.0,20250103
299900,1553,1585,1505,1516,1937032,2968098121,-3.25,259310108144,-301756662.0,33047443.0,20250103
036090,730,742,727,742,561661,412265842,1.78,87847074728,129265481.0,,20250103
459100,10040,10300,9820,9980,349417,3487470260,0.6,125468560000,-147695280.0,-58100.0,20250103
136540,12470,12510,12110,12250,33610,413132120,-1.45,150426888500,87883180.0,-163048770.0,20250103
097800,625,805,621,757,17175388,13050332448,21.12,88152823353,-674874710.0,,20250103
192390,3965,4135,3950,4040,193811,782871945,1.89,44570205160,140117920.0,-191879875.0,20250103
335870,1186,1219,1162,1181,75470,88772671,-0.76,19700759382,20335957.0,,20250103
900340,1698,1713,1672,1678,513603,867331690,-1.18,83939312184,-124989543.0,,20250103
036200,5850,6170,5850,6130,150776,918720980,3.37,187971686990,231607410.0,29107820.0,20250103
018000,777,930,777,873,8558045,7481943053,12.21,147005835372,131635454.0,-72489.0,20250103
203450,2725,2730,2660,2730,7165,19360170,0.0,38435689110,820950.0,,20250103
011320,3465,3545,3430,3530,22785,80219200,1.44,68202053350,2080710.0,49565.0,20250103
086390,9190,9430,9010,9320,48951,455978330,2.42,196970054320,92273970.0,-3769440.0,20250103
241690,3085,3220,3085,3190,82865,262990370,3.4,78061552140,47408365.0,,20250103
142210,5300,5350,5130,5230,357124,1866231340,-2.97,100657061160,-373079330.0,0.0,20250103
389680,731,745,721,737,645267,473047495,1.52,29489432863,-76215695.0,,20250103
088340,11150,11330,10940,11060,54018,602038710,-0.09,47890552080,625410.0,5053510.0,20250103
048430,8000,8300,7890,8220,207755,1697387940,3.53,94694400000,160108910.0,-4740330.0,20250103
206650,12400,12570,12250,12550,188501,2344490770,2.28,458505552850,-96508550.0,28383220.0,20250103
089850,6560,7210,6430,6790,448697,3073843280,3.35,100018051210,-117529390.0,-333581390.0,20250103
084440,1015,1018,991,1012,106204,106920650,-0.3,19949353600,4919046.0,,20250103
032620,3500,3570,3500,3540,86453,306299665,1.14,184777872060,-5446525.0,-63570.0,20250103
264450,7950,8040,7690,7940,44899,351330110,-0.13,118451961020,101942710.0,-429310.0,20250103
078070,9870,9960,9800,9900,2817,27809190,-0.6,179691930000,159410.0,148870.0,20250103
024800,1924,1930,1877,1895,5782,11035488,1.01,70213183740,7113.0,,20250103
054930,23400,23950,23400,23850,3448,81930050,1.06,71550000000,24322400.0,200.0,20250103
069330,1269,1318,1253,1288,22911,29112274,1.5,18278125208,-580278.0,,20250103
049520,5330,5730,5330,5580,211985,1189131830,4.89,121559942880,14896760.0,516884850.0,20250103
435380,2075,2085,2070,2085,4842,10048860,0.24,11947050000,-20800.0,-3109180.0,20250103
444920,1990,2010,1990,2005,7333,14686704,0.25,10506200000,-130014.0,4958093.0,20250103
446150,2025,2035,2025,2035,7372,14958695,0.49,9706950000,-186330.0,-1822500.0,20250103
449020,2020,2020,2015,2015,13403,27012390,0.0,19605950000,270730.0,-18377320.0,20250103
450940,2050,2065,2035,2055,8626,17729745,-0.48,9329700000,-176345.0,5958705.0,20250103
473050,1944,1965,1944,1961,11085,21592952,0.87,13746610000,-1170812.0,-10316922.0,20250103
474490,1960,1962,1940,1962,16745,32642674,-0.2,10810620000,556941.0,-4682499.0,20250103
430700,2090,2090,2080,2090,13160,27460280,0.24,10951600000,-30.0,2533000.0,20250103
263770,1915,1915,1892,1914,4757,9042848,0.53,45362129208,-31114.0,,20250103
388720,34200,34550,32850,33500,337066,11323656650,-4.29,383690039000,-1099668250.0,-653505950.0,20250103
340930,1291,1362,1290,1310,63068,84014708,0.38,44807829500,-25169767.0,,20250103
023410,3285,3330,3285,3315,55177,182356820,0.91,256285510845,-3184105.0,-6856590.0,20250103
056080,7620,7620,7020,7380,1677957,12219090020,-3.15,276839681760,-1060428220.0,95665220.0,20250103
468760,2110,2110,2085,2100,1292,2704530,-0.47,8904000000,-142160.0,630935.0,20250103
488060,1993,2000,1993,1997,9874,19723671,0.2,9425840000,-239083.0,0.0,20250103
442130,2125,2125,2100,2105,1542,3262360,-0.94,7283300000,-105250.0,0.0,20250103
084370,31150,32550,30550,32450,271475,8690311838,4.17,743625562900,13452200.0,1272781100.0,20250103
240600,4795,4900,4720,4860,19290,93392870,3.08,33670813860,3304680.0,,20250103
221800,2755,2965,2720,2760,240859,676983430,2.41,31152660960,-32766845.0,,20250103
179900,28000,28350,27100,28100,107583,2989781850,0.36,457661749500,-445152500.0,42515500.0,20250103
263050,1920,1970,1900,1944,57179,110164839,1.25,71606960064,27650519.0,,20250103
191410,1497,1505,1497,1499,11224,16838819,0.13,16795178245,502695.0,,20250103
372170,35500,38450,35500,37500,40416,1518646350,4.75,299214300000,181920800.0,-1375650.0,20250103
146060,1143,1159,1141,1158,43393,49996686,1.31,27810059010,288099.0,,20250103
072770,1325,1370,1304,1352,117424,157601482,2.04,94962105888,20642433.0,,20250103
039020,4290,4290,4155,4250,80652,339360845,-0.23,95985013250,-92583785.0,61180.0,20250103
067920,5170,5290,5170,5290,23174,121682200,0.57,58169469510,8288470.0,,20250103
044960,4820,4840,4765,4810,43032,206392145,0.21,60807457230,68562995.0,,20250103
303530,7130,7330,7130,7270,10653,77391300,0.69,53356703730,13788810.0,,20250103
296640,6280,6510,6280,6440,16482,105596540,2.55,33347942880,1655710.0,0.0,20250103
302430,7340,7600,7040,7520,11018,81985310,3.01,73945724160,6295570.0,11221570.0,20250103
462350,19010,19010,18170,18660,72062,1333282160,0.48,174950450040,-195301110.0,19781080.0,20250103
274400,4605,4755,4605,4730,10870,51182545,1.72,36987776980,3859680.0,,20250103
073490,20850,21600,20850,21200,42392,899220100,1.19,161201535200,-121772100.0,29300.0,20250103
215790,487,494,475,476,33388,16078712,-2.26,19174778924,-227862.0,,20250103
344860,1420,1470,1419,1429,51464,73397689,0.63,17190870000,496375.0,,20250103
088390,8000,8200,7980,8160,7712,62491210,2.9,76588487040,20189580.0,,20250103
272290,19580,21050,19440,20650,114783,2352214830,5.41,417701137700,717285450.0,108325380.0,20250103
053350,3265,3305,3230,3265,22243,72939400,0.15,64617340740,7660055.0,,20250103
452400,9430,9910,9430,9790,21387,209877620,2.94,88809280120,74290300.0,,20250103
264850,5570,5680,5300,5540,7181030,39738338570,-4.32,167832150480,-1503327980.0,0.0,20250103
054210,5100,5230,5050,5160,57563,297044640,0.19,130502643600,-19452180.0,15490.0,20250103
009730,1126,1149,1123,1138,590338,671254967,1.34,63308342016,77479176.0,,20250103
065440,1466,1494,1441,1491,88896,130853224,2.47,40667054820,-1387140.0,,20250103
115610,3170,3305,2715,3025,761668,2335203645,-6.06,49169968375,692265.0,,20250103
478110,1980,1989,1980,1987,150,297369,-0.15,9974740000,0.0,0.0,20250103
131400,1822,1895,1822,1872,298437,557522750,2.74,111552259104,122283304.0,,20250103
351330,7520,7530,7210,7250,86880,637174590,-2.55,60091770000,-165384130.0,,20250103
080010,5070,5160,5070,5130,6815,34894000,0.79,50453914230,-352660.0,,20250103
086890,4490,4650,4450,4610,56589,258572505,4.06,165509994850,1102290.0,3235675.0,20250103
047560,25000,25800,24350,25750,834173,21088942150,2.18,298901931500,-1339841500.0,744079600.0,20250103
900110,60,61,59,61,1587198,96014016,1.67,26347855050,-2013600.0,,20250103
239340,1817,1831,1785,1825,61268,110718134,0.44,49237832050,26573087.0,,20250103
067010,2980,3065,2960,3010,18333,54919990,1.01,37004940000,5353715.0,,20250103
418620,5400,5650,5400,5490,55264,307051110,1.48,52981118730,80636510.0,,20250103
456070,17270,18020,16990,17730,2045925,35980349340,3.62,189687543210,-514948650.0,11973600.0,20250103
102710,16500,17200,16450,17200,81317,1380652630,4.24,245750779200,145443810.0,34323820.0,20250103
041520,5030,5130,4955,5020,10270,51312525,1.41,61187424600,-795455.0,,20250103
063760,2230,2270,2120,2160,95609,208744420,-2.26,20142280800,24562560.0,,20250103
123570,2290,2360,2290,2355,8434,19756080,1.29,52460163690,2902305.0,,20250103
083470,1415,1432,1402,1421,40902,58107698,0.42,30324607509,1190994.0,,20250103
095190,2245,2325,2235,2235,198150,450543465,-0.45,101289690420,26035285.0,-43500.0,20250103
091120,28850,29850,28250,29000,179507,5193486550,0.87,496855144000,-237248000.0,-73382950.0,20250103
039030,145000,162600,143700,161600,369783,58251843300,11.76,1990839280000,-5168528900.0,10129127800.0,20250103
294090,3085,3540,3080,3255,1601272,5361701595,4.66,99068070045,-94145720.0,-539980.0,20250103
088290,1064,1096,1058,1065,42531,45420396,0.09,33368227485,-849944.0,,20250103
353810,4185,4300,4180,4285,33592,143140080,1.3,146511520200,-23430240.0,9490790.0,20250103
099750,17010,17200,17000,17150,5016,85835790,0.82,117216408400,4600760.0,345820.0,20250103
377330,4500,4600,4500,4595,2694,12278370,2.11,37403088630,30650.0,-1000375.0,20250103
035810,2730,2820,2720,2810,85312,236891735,2.74,183059824450,94976960.0,3363080.0,20250103
160600,0,0,0,3100,0,0,0.0,163573177100,,,20250103
092130,12900,13150,12860,12960,13011,169727420,0.78,156085056000,8030860.0,2566060.0,20250103
096040,0,0,0,271,0,0,0.0,245561580945,,,20250103
134060,4120,4120,3975,4080,4831,19614220,-0.97,19458540000,-530855.0,,20250103
001840,3005,3040,2940,2975,164447,493384655,-0.67,58922136000,-26327585.0,0.0,20250103
024810,0,0,0,899,0,0,0.0,196834827360,,,20250103
041830,23800,23800,23000,23400,47970,1117265500,-1.68,320200498800,-586579750.0,224383200.0,20250103
352940,2075,2090,2045,2070,5455,11252265,-0.24,22496201100,-210770.0,,20250103
079950,732,755,696,733,37822,27469683,-0.81,17005600000,270678.0,,20250103
389470,20850,21150,20000,20400,440790,9035373650,-1.21,204797109600,14481600.0,-2374500.0,20250103
277410,1330,1345,1325,1325,81829,109071034,-0.23,50822745425,6793675.0,,20250103
060150,5370,5440,5330,5330,66678,359867830,-0.93,248184051960,-45707830.0,-15761850.0,20250103
033230,1811,1845,1811,1834,185534,339599287,1.27,92645206920,2036998.0,,20250103
450520,3960,3960,3840,3880,188067,729412515,-1.27,57053762640,-89122315.0,,20250103
465480,7770,8000,7770,7930,74891,592214680,1.02,80392531960,-78275140.0,15655620.0,20250103
037330,1407,1437,1399,1416,15221,21553468,1.22,62141477184,-275581.0,,20250103
100030,16640,17290,16400,17290,5022,83722960,3.91,56775415060,859570.0,,20250103
211050,5630,5710,5430,5660,151748,838473500,1.43,290809668000,-196190600.0,166081080.0,20250103
083640,294,304,293,295,72186,21454677,0.68,22927503545,304308.0,-128960.0,20250103
064090,3000,3090,2970,2990,60432,182226590,-2.45,148730807550,5401695.0,-6940.0,20250103
216050,7290,7400,7200,7280,34957,254265620,-0.27,93498656160,-29045650.0,12310220.0,20250103
049070,19100,19100,18390,18740,260782,4888650670,-2.8,322328000000,-682474850.0,-87088290.0,20250103
119610,0,0,0,24900,0,0,0.0,329090302200,,,20250103
017250,1100,1126,1095,1115,46060,51112009,1.36,23465695705,-2024834.0,-130127.0,20250103
051370,9170,9440,9080,9390,45482,425569540,2.4,219044962080,122098680.0,408300.0,20250103
064290,10520,10940,10410,10920,86425,929737890,1.87,140474465040,269588300.0,-5692970.0,20250103
189300,38800,39450,38350,38950,73659,2865317900,0.39,418063359300,38411450.0,-426779450.0,20250103
150840,0,0,0,5850,0,0,0.0,251537720850,,,20250103
048530,5600,5720,5600,5680,34309,193807160,1.43,193976328160,22538580.0,-22674620.0,20250103
115310,21150,21150,20400,20500,3102,63679250,-3.07,65454101500,-7107850.0,,20250103
039290,8000,8140,7850,8110,83923,673635630,1.0,70508161580,-22131490.0,-1900.0,20250103
071200,4120,4180,4080,4175,53041,219131225,0.6,101855212150,16754165.0,2075000.0,20250103
101930,29650,30100,29300,29450,33964,1007941800,-0.67,283183336850,-68000600.0,89179800.0,20250103
333430,4445,4490,4315,4320,1098953,4807287470,-2.15,132739547040,-153036425.0,-17549655.0,20250103
068330,1040,1069,1040,1062,68669,72755987,2.12,46957540680,9451246.0,,20250103
178780,0,0,0,8650,0,0,0.0,145788786750,,,20250103
019540,3540,3690,3520,3690,24266,87549455,4.83,49864815000,271940.0,-1179870.0,20250103
094820,7980,8230,7980,8100,33539,272783100,0.62,122137542900,8112230.0,-583320.0,20250103
950140,6900,7100,6880,7020,182880,1279109190,1.15,139472419320,-113405810.0,-247118990.0,20250103
049550,3775,3780,3590,3680,4039,14682695,2.51,72151099360,-67475.0,-3128750.0,20250103
389020,50300,52000,48900,50500,481743,24244174350,3.17,312985365000,-1466682400.0,391325700.0,20250103
254120,1297,1340,1285,1331,94253,124768029,2.62,40933933370,7885766.0,,20250103
043910,611,620,602,612,288372,176462860,0.82,69395571684,33540290.0,-41551.0,20250103
234920,4090,4270,3955,4220,78750,330773805,3.18,57100440200,97630185.0,,20250103
289220,5950,6850,5950,6600,317748,2085168810,8.55,146003517000,367230100.0,18962700.0,20250103
174880,0,0,0,2650,0,0,0.0,11610352250,,,20250103
049630,673,680,666,674,224788,151717953,0.75,56392573718,26552063.0,-56775.0,20250103
417840,7000,7220,7000,7130,28321,201887390,1.86,51686617750,-3142940.0,,20250103
110020,2305,2480,2280,2450,93272,222980065,5.6,22193966900,36405275.0,,20250103
208140,2645,2665,2630,2655,208605,552865200,0.38,86776673130,-80200705.0,1333475.0,20250103
040420,6050,6080,6040,6070,32882,199137800,0.0,95162740640,-4357140.0,-16271790.0,20250103
045510,727,757,722,750,47234,34900257,3.02,24156969000,630893.0,67177.0,20250103
217190,6760,7180,6730,7110,44388,308674180,4.25,62348827140,7145250.0,58438360.0,20250103
095700,5360,5480,5340,5480,75471,408857100,2.43,249561907120,84310910.0,25120.0,20250103
072520,0,0,0,389,0,0,0.0,28849482466,,,20250103
122310,5500,5560,5500,5550,10742,59203410,0.54,80773834200,14078350.0,,20250103
361390,15120,15160,14710,14930,157701,2350783060,-1.39,111986779770,-61685600.0,-2254240.0,20250103
225220,2350,2420,2180,2180,130935,296636660,-3.54,41834245780,-6520450.0,6750000.0,20250103
123330,25350,25350,23800,25050,131649,3222949700,-0.79,199615434000,-301641100.0,-686777350.0,20250103
381620,25650,25900,25000,25600,84296,2149595100,0.39,111939584000,506327200.0,-50.0,20250103
159580,5740,6070,5640,5950,194550,1152531370,3.48,119194184200,192673960.0,5940.0,20250103
147830,5700,5710,5610,5690,123588,699388210,0.18,113800000000,-49979660.0,,20250103
033100,47900,48100,47100,48050,246878,11761694550,1.26,771798752450,-294790200.0,-110438400.0,20250103
079370,12800,13030,12230,12890,795245,10050480910,-0.31,399809001100,-1698615830.0,304838310.0,20250103
054950,19100,19350,18990,19290,44489,854754600,0.26,233214016680,27391570.0,-282961920.0,20250103
023440,1698,1710,1591,1692,314494,527043869,0.18,104225337108,-33105537.0,-49387.0,20250103
090470,4850,5120,4845,5020,42852,214346140,3.51,87732501880,41372650.0,,20250103
137950,3960,4060,3950,4035,27568,110820210,1.89,89850629490,1753440.0,,20250103
033320,5650,5820,5390,5660,3041466,17246670250,4.24,108187685120,-829897260.0,1018820.0,20250103
417500,3110,4045,3075,4045,9896200,38365849015,29.86,132614289480,-238521100.0,-6912360.0,20250103
204270,20350,21450,20050,20800,632425,13173356850,1.46,1203248092800,-301328600.0,185946250.0,20250103
026040,2425,2480,2370,2425,117172,283335000,1.25,40021690750,-6714585.0,,20250103
452160,4835,5070,4835,4965,39082,194764580,2.8,47751021555,24853520.0,,20250103
126880,3745,3885,3745,3855,121756,468540910,0.65,89454901065,54150930.0,-42580.0,20250103
322510,8790,8920,8570,8870,313851,2735479810,1.49,226441272040,-198531270.0,321294020.0,20250103
033050,827,844,818,828,17265,14244183,0.12,26975695176,-787816.0,,20250103
094970,2925,2985,2905,2955,49209,145379445,1.03,49491049200,-2397065.0,,20250103
418550,13870,14800,13820,14380,120468,1728884330,3.68,460414137740,98562140.0,18025960.0,20250103
420570,9260,9460,9260,9440,23866,223413250,1.94,54117698080,63611700.0,,20250103
089790,3660,3895,3635,3840,46249,175813375,4.92,39611569920,7651545.0,1859860.0,20250103
052670,0,0,0,2080,0,0,0.0,60588453120,,,20250103
412540,6890,7180,6880,7170,59994,426356990,4.22,147706768050,75588870.0,-20207860.0,20250103
199820,9100,9250,8910,9120,382546,3471170130,1.67,202646400000,25622250.0,99904880.0,20250103
038010,5760,5950,5750,5940,38663,227380650,2.59,53460000000,58967740.0,5880.0,20250103
276730,2715,2740,2675,2700,47999,129357790,-0.18,42328861200,8353920.0,,20250103
080220,9210,9800,9120,9670,1266268,12156397620,5.11,333062195110,1078344940.0,151902550.0,20250103
216080,7660,7740,7220,7540,171082,1267319660,-1.18,134907632860,-361372930.0,-114551850.0,20250103
229000,1860,1870,1754,1793,350712,629873779,-3.19,28332934003,-9522608.0,,20250103
082270,14590,15210,14510,15170,192776,2897938580,3.98,606711619580,632583360.0,-4335990.0,20250103
044060,0,0,0,732,0,0,0.0,70075958688,,,20250103
034940,970,983,961,981,33013,32270484,0.82,30391210287,-2805900.0,,20250103
067000,1522,1625,1520,1619,143467,228156638,4.99,113173679074,21543700.0,-305020.0,20250103
033340,644,668,644,667,399119,263311216,2.46,64666022186,44487995.0,,20250103
036930,29900,31450,29750,31300,634337,19623479600,5.21,1479498447300,5341126650.0,2945394900.0,20250103
072020,9930,9930,9820,9890,17011,167952180,0.41,95524414430,-39777660.0,,20250103
000440,16590,17200,16390,16910,41608,699106790,4.0,105300768300,88672290.0,-16870.0,20250103
051980,8120,8620,8120,8540,1143606,9608930430,4.79,853666965620,1224699530.0,,20250103
228760,21000,21700,20700,21600,163787,3483165100,1.65,526226392800,-168669450.0,35749750.0,20250103
314130,2885,2980,2780,2945,157044,456657655,6.13,91248919585,33828580.0,-11168580.0,20250103
389030,1350,1358,1300,1339,134827,178377728,-0.07,44658120455,19495877.0,-49544663.0,20250103
043610,2110,2180,2110,2155,61931,133634275,2.13,125238768890,32687715.0,-6345925.0,20250103
263860,9780,9960,9670,9940,27854,274403820,3.33,90251224000,51416500.0,-129540.0,20250103
303030,1110,1148,1069,1148,502752,563724372,3.33,41036026864,11147608.0,0.0,20250103
036180,0,0,0,577,0,0,0.0,53929030348,,,20250103
208350,2990,3015,2975,2975,6135,18319660,-1.49,26294683275,-256305.0,-1485.0,20250103
144510,23350,24400,23300,24300,38089,917512700,4.07,383948359200,27624400.0,-1943300.0,20250103
358570,9050,9150,8810,9080,336592,3033299330,0.33,402287574920,-282268840.0,-235282100.0,20250103
382480,1975,2060,1975,2015,92585,186914364,1.0,79304637100,38840396.0,,20250103
382800,3340,3465,3340,3465,127323,434625180,3.74,109601557065,-58825215.0,,20250103
051160,7950,8150,7920,8100,89138,716372680,1.12,125342883000,82326280.0,-74954840.0,20250103
053050,3340,3390,3300,3340,709975,2370269900,1.21,100158573980,210764445.0,0.0,20250103
119850,8670,8750,7820,7960,984510,7971243420,-8.08,130933315640,-975751130.0,-803812480.0,20250103
065060,260,270,258,259,1018829,268015408,-0.38,27974083396,7527960.0,24984.0,20250103
204840,986,1030,984,1011,371173,376867650,2.54,77710723266,164069029.0,,20250103
270520,1452,1530,1452,1486,871500,1297387725,2.34,235963107996,-102374693.0,324849.0,20250103
311320,7520,7550,7420,7500,20667,154720570,-0.27,94609200000,22858170.0,,20250103
388050,6430,6600,6380,6540,399749,2593638530,3.97,122359717980,-72149080.0,75400.0,20250103
018120,16720,17130,16680,17100,1268,21474900,1.79,113221152000,-170330.0,6255680.0,20250103
109820,2955,3145,2770,2815,684481,2009653380,-1.57,57408096600,-150387230.0,,20250103
086060,3370,3405,3350,3395,33893,114998380,0.74,29232942865,-13623655.0,,20250103
036890,8800,9190,8790,9080,157103,1414292530,2.14,204138993440,-322158700.0,602394600.0,20250103
363250,10650,11160,10150,10500,169986,1795322470,-3.85,73844379000,56678120.0,1030000.0,20250103
007370,6000,6110,6000,6090,84071,509818650,0.33,77045643570,52875260.0,7742540.0,20250103
285800,2100,2170,2100,2155,22306,47857950,2.62,37663516850,11371955.0,,20250103
085660,11230,11770,11230,11650,372607,4316141980,3.83,656063260950,1548073940.0,-16089050.0,20250103
261780,2965,3290,2900,2900,155455,476075580,-3.33,77791769200,-95115810.0,-6072060.0,20250103
351870,10590,12270,10300,11600,2730094,31915529050,12.51,129463447200,160907290.0,,20250103
094850,5370,5620,5330,5550,117787,650777830,2.4,77700000000,186572180.0,1993680.0,20250103
004650,8860,9000,8830,8890,6523,58324330,0.34,81706967650,-4793430.0,15574660.0,20250103
278280,36050,38350,36050,37600,39354,1486505650,4.3,376000000000,420045000.0,51064250.0,20250103
362320,5340,5440,5330,5420,220149,1192247510,0.37,111387991800,37743800.0,54213000.0,20250103
066360,795,803,786,802,41396,32709195,0.88,38457516030,-802477.0,,20250103
047820,0,0,0,5400,0,0,0.0,132051222000,,,20250103
094360,16400,17000,16210,16540,422851,7042310740,0.55,344414470960,-892598070.0,148516990.0,20250103
016920,2505,2515,2265,2325,1693608,4013139420,-7.19,61597475850,-166071330.0,-4208865.0,20250103
284620,2800,3130,2685,2900,542430,1602237375,8.41,81724299700,247776105.0,-621485.0,20250103
293490,16320,16780,16320,16640,280361,4669806060,2.09,1378374882560,333365400.0,179826280.0,20250103
140430,2290,2355,2285,2355,71296,165763670,2.17,44985725745,33474790.0,,20250103
042000,36050,37250,35350,36800,499091,18307403200,2.51,892512387200,1648751800.0,1196216600.0,20250103
313760,3720,4070,3600,3725,186733,708696565,0.13,29313980625,62231975.0,-75139205.0,20250103
317530,4970,5230,4930,5150,53881,276000320,1.98,51703188100,-8778855.0,36832850.0,20250103
071850,1972,2080,1950,1953,2432,4795073,-0.51,47381611914,-1007359.0,,20250103
050110,883,960,878,913,986551,905691384,3.99,67401419734,-78830828.0,128000.0,20250103
452300,2675,2800,2675,2760,76281,210626820,2.22,38906008800,51847480.0,80040.0,20250103
451760,10750,10750,10200,10300,109310,1130156140,-1.81,154412202800,-234776580.0,-9660200.0,20250103
900310,553,597,553,595,139756,80990243,6.44,38104796625,53220985.0,,20250103
078340,46500,47500,46050,47250,62439,2937543800,1.94,601858923750,791827450.0,-325115450.0,20250103
063080,34550,35300,34150,34650,48957,1699929800,0.29,228523402800,-122031950.0,-74450.0,20250103
307930,4975,4995,4930,4965,12178,60361450,-0.2,77503650000,-732800.0,104265.0,20250103
079190,566,576,559,563,163863,92305169,0.18,21594154382,24020300.0,,20250103
263700,2600,2780,2600,2620,74763,200087500,0.96,50865204000,37010730.0,,20250103
214370,29800,33250,29150,31750,631026,19934102700,6.72,1705451250000,2710691350.0,122990450.0,20250103
221980,11270,11290,11150,11270,1273,14333330,0.0,45472196000,-1509750.0,,20250103
038530,221,227,220,226,454401,101353761,1.8,26151442422,15143228.0,,20250103
424140,2085,2090,2085,2085,3947,8234570,0.0,16075350000,-54210.0,0.0,20250103
192250,7830,7990,7810,7960,7757,61315050,1.53,56254315000,21085440.0,,20250103
431190,5470,5520,5340,5400,121160,660061380,0.37,40426786800,88384690.0,-2107820.0,20250103
115500,14460,15040,13830,14080,2967660,42704840530,-3.3,168960000000,-1067070000.0,-18284320.0,20250103
089150,2550,2580,2525,2550,45589,116494955,1.19,43732500000,17665555.0,,20250103
025880,2720,2740,2670,2725,68030,184054730,0.18,45550713050,3364395.0,,20250103
093320,77800,79100,76200,77800,26482,2049804500,0.65,379664000000,30676600.0,-200033700.0,20250103
093640,4760,4885,4600,4805,112708,534108885,1.26,156675308820,-138218230.0,,20250103
073010,4480,4570,4360,4375,261765,1155196735,-1.91,175836718750,-183427495.0,,20250103
105330,3515,3650,3515,3595,27578,98856320,1.27,57735800660,-17374270.0,,20250103
053080,12480,13030,12480,12910,107563,1383592750,3.45,167827508370,362426600.0,0.0,20250103
199430,8410,9340,8190,9080,1805612,15877138110,6.82,98678834040,-673839750.0,-12231390.0,20250103
432470,10720,11350,10720,11140,16983,189287840,2.96,96634553840,52663090.0,,20250103
272110,13370,13850,13300,13530,38316,521420210,1.5,108312994350,62665570.0,-136566590.0,20250103
039420,2620,2635,2600,2635,47311,123927855,1.35,63647713550,2529825.0,-16950.0,20250103
083550,3125,3200,3090,3110,34450,108611965,-0.48,38483842860,6246370.0,,20250103
032500,9280,9400,9080,9260,132716,1227662190,-0.43,368741376580,-327828780.0,33322300.0,20250103
225430,651,660,642,660,54263,35331248,1.54,18405453000,244055.0,,20250103
102370,3440,3680,3440,3605,172828,625592320,3.0,98161302050,84981170.0,,20250103
068100,3010,3120,2905,3120,17043,51888515,2.3,31011595680,18289265.0,,20250103
036030,3585,3585,3460,3570,25962,92422910,1.13,174998840310,-12330255.0,-2120485.0,20250103
064820,5790,5910,5400,5450,143084,796195600,-5.87,168414417600,-147625330.0,-29460.0,20250103
256940,5320,5590,5290,5560,57931,316842010,4.12,104242538480,101673970.0,-2481370.0,20250103
024880,4085,4200,4065,4200,105784,435771560,0.24,86867751600,-126712055.0,-7302640.0,20250103
042040,286,291,280,290,386155,110025036,1.4,50593665930,17604957.0,3739149.0,20250103
054410,3270,3310,3175,3290,5410,17707315,0.61,18840000760,1208235.0,2068390.0,20250103
258610,1250,1288,1250,1266,17578,22206193,-0.63,33912510378,4185101.0,,20250103
274090,10700,10700,10290,10490,151582,1584303670,0.0,135459740740,-249711540.0,325237150.0,20250103
089010,16130,17180,16000,16450,156666,2600089850,1.73,252249991700,-275238780.0,,20250103
220260,4950,5130,4935,5040,837293,4211762955,1.41,133853867280,-76957940.0,,20250103
052400,29150,29800,27750,29000,494625,14304663000,0.0,432099971000,-1288982800.0,1735306300.0,20250103
402030,22050,22500,21250,22300,103872,2269435900,-0.45,255720522400,-587236750.0,435856150.0,20250103
391710,1569,1616,1523,1593,214410,337092097,0.57,67009681998,35588818.0,,20250103
046070,0,0,0,10280,0,0,0.0,146172317160,,,20250103
047770,1542,1610,1534,1585,863235,1360678784,3.06,59980524170,9623400.0,,20250103
080530,1058,1066,1048,1063,37100,39239244,0.76,46028353901,-3657615.0,,20250103
104540,5330,5590,5330,5510,12957,71159880,3.38,70449427400,4203170.0,,20250103
027050,2380,2405,2370,2390,156441,372749105,0.42,95600000000,-63295765.0,-45005435.0,20250103
190650,5490,5620,5490,5590,4416,24516520,0.9,35708920000,-723520.0,,20250103
123410,4520,4540,4450,4500,177912,798065055,0.0,125284788000,-141598045.0,-55397900.0,20250103
036690,0,0,0,2885,0,0,0.0,45885746130,,,20250103
049430,10370,10800,10370,10700,133215,1417773320,3.18,96813600000,286051010.0,-7401840.0,20250103
183300,37200,39300,37000,38300,123230,4745294550,4.93,400644197200,-917585600.0,1038959300.0,20250103
041960,3805,3855,3805,3855,45709,175479170,1.31,272248708215,43282360.0,-3850.0,20250103
089890,6820,7080,6820,7000,40120,280715480,1.74,116094734000,-12352980.0,7030.0,20250103
360350,7990,8130,7830,8030,17794,142372490,0.5,45730609100,10627170.0,0.0,20250103
082660,0,0,0,480,0,0,0.0,47827617120,,,20250103
222040,3165,3175,3090,3145,40334,126154130,-0.63,64875060000,39871775.0,-17978885.0,20250103
241710,55800,56200,54300,54400,101611,5573656800,-2.51,580992000000,322335700.0,-1914980500.0,20250103
355150,5280,5280,5030,5110,23658,121526240,0.59,39844458500,38744720.0,,20250103
166480,4150,4230,4035,4165,593274,2457262670,0.48,136905116040,21982020.0,328340.0,20250103
045970,4075,4530,4075,4425,159778,695061860,9.26,116443326300,103367255.0,43770500.0,20250103
196450,733,744,720,732,26681,19513105,0.27,33173934024,-2415842.0,,20250103
384470,6190,6250,6140,6200,33458,206947550,0.65,79558796800,-629630.0,,20250103
029960,9000,9010,9000,9000,66205,595910040,0.0,450000000000,-97353820.0,23462050.0,20250103
102940,23150,23950,22850,23350,54139,1262145600,1.08,290086086450,464631100.0,200.0,20250103
950160,24200,26100,23700,25000,405936,10232196750,3.31,1986660250000,78578700.0,290699150.0,20250103
033290,2155,2195,2140,2150,69721,150840175,0.23,120736047150,-22737650.0,-7393175.0,20250103
056360,8300,9690,8140,8610,10236882,93027434350,8.3,84350448000,254100130.0,43474880.0,20250103
282880,14360,14600,14300,14520,145716,2102366920,-0.55,161779037640,80234500.0,28880.0,20250103
121850,1745,1751,1630,1644,1788503,2992644500,-5.68,50329703700,-312889786.0,,20250103
448710,15630,15700,15330,15550,36923,572977860,-0.32,80558158950,-115367900.0,47269660.0,20250103
126730,10150,10660,10150,10440,19859,207177090,2.55,88776122400,25953060.0,7229520.0,20250103
015710,4695,4795,4580,4795,426276,2026442415,3.12,84058747500,-19838400.0,,20250103
052330,7960,8010,7890,7960,11371,90912040,0.38,131556305040,-8327900.0,-20007990.0,20250103
322780,769,815,766,805,238995,187329166,5.09,30535753465,15928864.0,,20250103
200130,11610,11980,11560,11880,77502,911484540,2.33,349456829040,7143130.0,71716470.0,20250103
294570,16360,16600,16270,16280,14571,238720120,-1.03,166946271800,-46436650.0,49730.0,20250103
317690,6320,6370,6210,6320,237457,1495306210,0.0,104516437520,201530100.0,,20250103
078940,0,0,0,2855,0,0,0.0,151584163690,,,20250103
227100,0,0,0,612,0,0,0.0,14770119384,,,20250103
432720,9730,10510,9700,10290,442990,4509045690,4.57,143331385680,-31952960.0,228847700.0,20250103
365270,6030,6210,6020,6080,33717,205955580,0.83,84353725440,55357220.0,,20250103
348080,578,640,578,603,262066,158836992,4.33,34951606992,42642297.0,,20250103
060280,7660,7670,7180,7200,444909,3267077660,-6.01,295847928000,-819621500.0,40421490.0,20250103
372320,32000,33250,31450,32050,274547,8895580500,1.1,452705897450,609227850.0,-115143500.0,20250103
051780,1100,1120,1075,1075,43921,48249990,1.7,14665413375,31087342.0,,20250103
115180,4445,4665,4410,4605,118664,541515600,3.37,148707749955,81463530.0,,20250103
445680,19000,19720,18800,19660,107310,2081638320,3.47,317000946280,419970890.0,-270310.0,20250103
182360,15170,15430,15100,15140,65021,990340250,-0.2,220613372980,-14296520.0,-12396700.0,20250103
405100,11970,12990,11970,12580,111480,1410447130,3.97,154599406580,282358740.0,12890.0,20250103
066310,10290,12440,9830,10420,6804783,76746360650,3.07,96610290820,206181070.0,-11517740.0,20250103
016600,264,273,264,268,1455615,390023732,0.75,47770226016,33585637.0,255.0,20250103
355390,14800,15600,14570,15130,129024,1928014350,0.87,67615485840,131209950.0,-540814820.0,20250103
096240,14700,14780,14640,14760,6007,88421020,0.41,164399536800,9452180.0,-1425340.0,20250103
040350,560,598,560,580,288447,167317178,1.93,108231087340,13489078.0,,20250103
110790,6050,6170,6000,6130,31492,192026420,0.49,143631784800,-74687550.0,-8790.0,20250103
900250,824,859,824,856,346324,293534146,3.88,111827843424,99023660.0,,20250103
045520,4570,4775,4505,4730,13568,64055825,5.11,30745000000,-2842420.0,-4195420.0,20250103
036170,878,920,877,887,78666,69759206,0.91,54431310262,4299568.0,,20250103
214150,52100,52800,51400,52200,143341,7472430900,-0.19,3419395399800,-972728000.0,1862820700.0,20250103
466100,10800,11280,10270,11060,12991871,140008095030,-1.16,271579936880,242049940.0,1512438340.0,20250103
352770,540,544,515,540,147241,79209103,1.5,20998501020,24965564.0,,20250103
237880,17710,17830,17520,17710,60721,1074271570,1.2,320043661630,-117075920.0,-50507290.0,20250103
139670,2970,3020,2925,2995,36102,107176095,0.67,42285835950,3445790.0,,20250103
487720,1951,1960,1950,1956,37896,74108655,-0.15,8273880000,-628322.0,40606426.0,20250103
489480,1932,1939,1931,1937,40364,78165373,0.26,12784200000,-3038111.0,37790704.0,20250103
413600,2130,2150,2100,2130,54188,114872365,-0.93,7305900000,1271430.0,-56423735.0,20250103
433530,1982,2065,1982,2065,20665,41693948,2.74,8476825000,-1151649.0,-9505140.0,20250103
446840,0,0,0,2130,0,0,0.0,12524400000,,,20250103
054780,4895,4970,4775,4840,60510,293181480,-0.82,94611318120,-6510265.0,-33668550.0,20250103
219130,12650,13800,12650,13800,28650,382621580,8.07,87137202000,72162420.0,,20250103
336680,10090,10100,9930,10010,49810,498354490,0.3,195923517790,-21445900.0,1285180.0,20250103
360070,26900,28600,26800,28350,30944,868149450,5.39,228975664050,168457000.0,-31600.0,20250103
065130,5460,5950,5370,5720,152893,882617690,5.15,98326697040,-29559000.0,-60529240.0,20250103
134580,1880,1904,1801,1900,126011,235444306,1.88,41848957300,8325477.0,-3371463.0,20250103
023160,18650,18700,17540,17620,589787,10552689460,-4.91,466930000000,-1953101320.0,-968204780.0,20250103
323280,25150,25150,23700,24500,325450,7897827150,-2.58,634322885000,-2585858250.0,2882400.0,20250103
053620,6380,6380,6110,6310,979,6099170,-0.16,54266000000,-99700.0,31700.0,20250103
044490,11580,12100,11520,11670,67142,790597060,-0.17,233486136270,992010.0,-548170.0,20250103
124560,2860,2990,2860,2980,87317,257776595,3.29,114481420320,88840080.0,5841685.0,20250103
191420,12640,13480,12640,13480,8245,108808600,6.98,109307082320,28978680.0,110.0,20250103
073640,0,0,0,654,0,0,0.0,62514162216,,,20250103
066700,3105,3200,3105,3195,41108,130402755,2.24,103755819825,35683765.0,-6051785.0,20250103
095610,15220,17800,15220,16400,391150,6535256720,6.77,324198906400,-299496070.0,264681830.0,20250103
064520,1828,1849,1750,1800,30167,54395235,-1.53,40231911600,472046.0,,20250103
089030,37750,42900,37750,42200,1470127,60596695900,10.76,1576323819000,4505376950.0,4839845900.0,20250103
054450,13940,14500,13600,14320,412015,5814265540,3.54,216865416560,-978782280.0,432970250.0,20250103
200230,5390,5510,5390,5420,38778,210715820,-0.91,65175624660,-442110.0,-2580.0,20250103
393210,4215,4370,4200,4350,271231,1159315770,3.2,67923266400,228514520.0,11360860.0,20250103
475960,15600,16380,15200,16130,379279,6059744260,3.2,210457691220,1193993500.0,-60393700.0,20250103
215480,2870,2930,2845,2900,18022,52100445,0.17,27260000000,2616170.0,-115575.0,20250103
051360,20700,21350,20500,21250,138392,2924719950,1.43,343549982500,160514800.0,326539200.0,20250103
045340,10300,10320,9520,9860,453504,4449877260,-5.01,84382274400,-440367340.0,-192070.0,20250103
108230,4560,4740,4560,4725,28229,132529995,2.61,179659832625,32496185.0,-51975.0,20250103
079970,1005,1005,991,992,31041,31015023,-1.29,9216176000,600477.0,,20250103
199800,36900,38150,36500,37950,17299,645574700,2.71,324330073650,171933750.0,-53364750.0,20250103
417790,10040,10180,9920,10120,34330,345567280,0.8,111316458000,-1107670.0,33315070.0,20250103
290090,7540,7680,7470,7630,2750,20860440,1.19,56708204840,63210.0,7720.0,20250103
026150,6450,6610,6410,6530,88985,579798030,0.31,114577541430,84056200.0,-50.0,20250103
464280,13630,14440,13500,14340,116635,1648217660,6.22,79300200000,413238300.0,-500.0,20250103
322180,5250,5280,5040,5150,96122,493485400,-2.09,107670941850,-68310870.0,,20250103
117730,8980,8980,8310,8530,805203,6952318650,-5.01,155010247860,-1088312070.0,-8415110.0,20250103
033830,842,879,835,858,279286,239654056,2.75,85800000000,,-68448.0,20250103
057680,1029,1052,1013,1030,237794,246394619,0.29,73385956030,-11310421.0,4920528.0,20250103
204610,1540,1540,1477,1491,648241,968223136,-2.55,95307284520,-364631881.0,69690217.0,20250103
064760,69900,73300,69400,73000,35519,2575761600,4.43,852275000000,110780900.0,660832700.0,20250103
246710,4380,4785,4380,4575,113998,525082900,4.57,98576738100,-105829920.0,430.0,20250103
340570,67500,67800,65700,67500,61054,4066980000,0.15,548640000000,-170158000.0,293560200.0,20250103
043220,396,425,386,405,1050793,421918633,5.19,58410786015,94758801.0,-2742429.0,20250103
277880,4950,5140,4820,5090,39526,199001515,2.41,102618634880,62559080.0,,20250103
131290,41300,44100,41100,43500,75152,3254943100,5.33,481172161500,302310400.0,876016250.0,20250103
425420,17120,17800,16910,17310,30892,541288860,1.11,197005110000,-37479650.0,,20250103
131100,1314,1354,1300,1352,27064,35670945,2.89,37921236704,2176995.0,-5098241.0,20250103
356860,13160,13790,13070,13470,96491,1305752590,2.67,132445526100,108676080.0,68276560.0,20250103
321550,4310,4420,4260,4390,34615,149913630,1.86,114339718660,54169035.0,-10137360.0,20250103
425040,7790,8080,7430,8050,83973,665782080,3.07,171594299100,163682110.0,36012310.0,20250103
241790,4860,5310,4810,4900,76568,380201325,3.05,49012906600,-13684035.0,,20250103
104480,1715,1750,1701,1713,981943,1690597240,-0.58,155703878442,14452055.0,39982.0,20250103
081150,2955,3055,2950,3050,294001,887906665,3.04,74018626100,316656845.0,15867020.0,20250103
130740,2200,2230,2040,2085,316845,670966710,-4.14,23511875715,-65731840.0,,20250103
084730,9100,9290,9100,9200,23886,220091060,0.66,102206700800,24983990.0,11447420.0,20250103
440110,14950,15950,14940,15800,227590,3558317850,6.54,779685696800,1006621410.0,167379030.0,20250103
033540,1424,1459,1404,1442,195606,279767978,0.63,54437032846,-67468552.0,,20250103
388870,7690,8080,7540,8060,58874,461157260,5.64,104344211920,131736140.0,61740.0,20250103
043200,540,557,539,550,45226,24723022,2.42,22992373250,-2051356.0,,20250103
214450,260000,262000,251000,260500,151304,38725280000,0.0,2737750800000,6569270500.0,-5293833000.0,20250103
208340,0,0,0,2915,0,0,0.0,233786229820,,,20250103
177830,3020,3090,3000,3040,28318,85862905,2.36,40397809120,16481660.0,-10221355.0,20250103
037070,4760,5140,4760,4945,16631,82449900,1.44,98900000000,-4530615.0,9510.0,20250103
150900,4850,4970,4815,4925,15262,74133145,0.72,57550703350,5614555.0,-166050.0,20250103
037030,2280,2335,2260,2315,56843,131240855,1.54,50649824810,10022160.0,,20250103
047310,6050,6050,5950,6000,276951,1660938410,0.0,219664530000,-27452670.0,11970.0,20250103
368770,5160,5550,5080,5180,2634120,13871756860,0.39,170184885500,7949140.0,-5250000.0,20250103
170790,8700,8970,8690,8790,6905,61172920,0.23,60267140700,-530530.0,23348210.0,20250103
049120,1024,1068,1024,1037,48078,49841353,1.67,53937215528,-1403862.0,,20250103
038950,3445,3670,3445,3535,5510,19614355,3.21,36095054275,-1486595.0,,20250103
387570,13370,13460,12040,12250,722331,9047402340,-8.03,68917275000,153451300.0,,20250103
441270,5290,5530,5250,5470,191081,1029709000,2.43,202323818470,-173952540.0,-232260.0,20250103
106240,1147,1228,1105,1150,845035,976608166,0.09,18311515550,-22074136.0,-55.0,20250103
131760,1227,1300,1195,1236,8849025,11005025588,0.73,53681436588,22680192.0,54978737.0,20250103
065690,1042,1075,1041,1074,81811,86291574,3.27,15088981494,12109753.0,,20250103
140860,228000,232000,223500,227000,25502,5806617000,-0.22,1586179979000,-259143500.0,-261392000.0,20250103
091700,6890,7030,6890,6980,150007,1046655290,0.72,411249133720,142340540.0,-7429620.0,20250103
032800,575,581,574,577,87593,50536358,0.17,26517222466,17339119.0,,20250103
318010,3870,4010,3850,3905,24839,97778935,0.64,30964064890,10265220.0,1925780.0,20250103
027710,1157,1178,1157,1170,170453,199543645,1.12,130357422000,38836120.0,-29250.0,20250103
225590,961,990,934,960,61357,58235026,0.84,25571244480,17775.0,,20250103
054300,492,495,485,494,26586,13049311,0.41,33091032130,-38247.0,,20250103
068050,2110,2200,2095,2170,101919,218356665,3.58,60096144920,22029735.0,4807280.0,20250103
222110,5650,5780,5530,5720,29433,165880730,0.18,73777686840,22512860.0,,20250103
271830,1612,1665,1593,1650,33225,54321066,2.36,48658833300,5434206.0,,20250103
263750,28150,28650,28100,28600,256665,7301805450,1.6,1837488653000,-739253100.0,206113750.0,20250103
251970,44950,44950,42900,43550,66483,2880711350,-0.68,540020000000,23763900.0,-775299000.0,20250103
168360,5260,5980,5210,5850,937684,5361732420,11.22,124536461400,444924990.0,,20250103
087010,99000,104900,99000,103500,650025,66609685000,3.6,2411275725000,16021229300.0,-1028409800.0,20250103
064800,1300,1328,1255,1306,224512,294009999,0.46,166916331188,1005148.0,2624.0,20250103
119500,3395,3700,3390,3555,1010088,3584070455,5.18,42116909760,133023975.0,138020.0,20250103
389140,5300,5320,5180,5260,34401,180658080,0.96,58452986100,12856570.0,,20250103
105760,6000,6110,6000,6010,14244,85998670,0.33,56875394600,-9067920.0,,20250103
009520,11750,12500,11750,12290,148237,1823779470,4.06,511788819870,432370820.0,6951010.0,20250103
189690,2065,2080,2055,2060,29126,60065930,0.0,56283256140,9965230.0,,20250103
318020,2950,3065,2930,3045,15375,46217290,4.46,38556618240,3958870.0,-866405.0,20250103
256630,1147,1167,1147,1162,8751,10143228,0.43,67392597664,-119099.0,,20250103
331380,2010,2025,1962,2020,71155,141571216,0.5,45905413040,-27391833.0,,20250103
472850,5200,5400,5200,5240,61608,326237620,0.77,169482208920,61795650.0,,20250103
039980,3155,3165,3035,3080,2372505,7344401395,-2.07,222675511520,-1300362885.0,,20250103
041910,5530,5720,5530,5650,13294,74956280,0.18,76284079550,-12422990.0,,20250103
234100,1122,1147,1122,1140,49347,56193224,0.71,74697730500,5646302.0,,20250103
041020,6140,6230,6060,6190,1391337,8567370880,0.65,307800832620,-118273040.0,124430560.0,20250103
114630,520,526,515,522,87003,45208973,0.38,40589440056,1808087.0,,20250103
290720,2800,2815,2650,2810,78870,214907330,1.63,62635107940,35240630.0,,20250103
005670,5120,5180,5060,5180,11152,56979550,1.37,51800000000,-7484880.0,-23770.0,20250103
094940,7150,7200,7100,7190,88888,635328890,-0.83,60118365340,-122441760.0,,20250103
057880,0,0,0,8790,0,0,0.0,216061434720,,,20250103
007330,8490,8640,8390,8450,46442,393684140,-0.47,127449660000,538350.0,,20250103
093380,2325,2395,2310,2335,8956,21180135,1.52,23068195855,958530.0,5086665.0,20250103
023900,9230,9350,9200,9340,6295,58657150,0.43,117684000000,1516950.0,-9020.0,20250103
371950,8570,8680,8470,8620,11524,99013470,1.77,181369006560,37301910.0,,20250103
370090,28200,29250,27600,29250,493244,14065396450,1.04,249117277500,-1516252750.0,1109865950.0,20250103
445180,5420,5790,5420,5730,46246,263465410,5.52,96087447240,118626830.0,,20250103
151910,0,0,0,640,0,0,0.0,121645902080,,,20250103
220100,16850,17760,16600,17650,343926,5928318740,5.31,390103035750,134189890.0,193609270.0,20250103
035200,3515,3725,3515,3645,114384,417974140,2.82,35468000550,62660360.0,-76671610.0,20250103
334970,4900,5070,4895,5050,115448,573529800,1.92,390959066850,67159995.0,-2454625.0,20250103
321260,2130,2170,2125,2150,61623,132467375,0.0,60612980600,199875.0,21624290.0,20250103
053610,22200,23700,22200,23450,37227,868669200,4.69,257950000000,182070800.0,94038650.0,20250103
303360,2750,2860,2750,2790,8012,22334435,0.0,35927429850,1686835.0,6540.0,20250103
377220,1884,2020,1884,2010,46704,91724439,4.52,56903100000,5469658.0,,20250103
335810,2885,2935,2870,2900,17422,50400835,0.87,33682125400,5844085.0,-1324620.0,20250103
053160,15080,15080,14230,14740,270066,3972638960,-2.38,88440000000,-130934030.0,-10.0,20250103
405000,1391,1450,1380,1400,10955,15270933,0.65,36507581600,-513439.0,,20250103
041590,0,0,0,789,0,0,0.0,103917099150,,,20250103
367000,4030,4070,4015,4065,1338,5412250,-0.12,34098061455,-30045.0,,20250103
075130,2565,2565,2445,2500,245964,613482240,-2.53,41555800000,172740.0,-177500.0,20250103
237820,5740,5950,5740,5830,55749,328006120,0.52,74782226200,48451330.0,,20250103
023770,3265,3485,3265,3395,24641,83239495,3.98,29763353900,27375030.0,,20250103
019570,270,296,270,280,245143,69503629,3.7,18286811760,14200291.0,,20250103
300080,19450,19500,17900,18710,42657,796281880,-0.27,102938996070,-297693600.0,-72970.0,20250103
033790,5240,5580,5150,5410,155796,847841000,4.44,123471348000,-57121980.0,,20250103
032580,1235,1249,1224,1241,181611,225333454,1.39,41116891424,27285794.0,,20250103
051380,2630,2650,2575,2625,100697,263742465,0.77,40267689000,12430870.0,,20250103
241820,595,605,570,578,720991,420148325,-0.69,34201396926,11509427.0,,20250103
237750,4105,4160,4035,4140,13355,54458270,0.85,26895924000,7965565.0,,20250103
460940,12100,12740,11730,12190,738376,9041866170,2.7,78890510600,-241155580.0,-52007830.0,20250103
319660,16330,17670,16330,17410,310967,5378101080,6.42,504310490740,1160466300.0,519520250.0,20250103
031980,37350,44250,36750,43400,976523,41070683750,16.51,935807943000,-1673491050.0,3796523300.0,20250103
002230,3940,3945,3905,3940,6467,25413155,1.16,76320451620,-23585.0,1942715.0,20250103
043370,10000,10040,9940,9980,17775,177584550,-0.1,209580000000,-6073080.0,70093760.0,20250103
239890,7910,8300,7900,8100,45669,371980620,1.38,80479615500,41185530.0,2097210.0,20250103
347740,2175,2190,2140,2190,19490,42396795,1.39,65723161440,10048455.0,,20250103
137400,37400,40150,37400,39450,315718,12457559750,4.78,936664742700,445137050.0,522933150.0,20250103
257370,3550,3755,3550,3665,62388,230000585,2.09,45830315565,22264640.0,,20250103
147760,2875,3000,2875,2975,29245,86362175,3.48,32189101350,33965065.0,,20250103
128660,3010,3030,2975,3020,26753,80688160,0.17,74906174380,7936750.0,,20250103
006140,4760,4840,4665,4810,10959,52005760,0.21,72150000000,3835745.0,,20250103
376180,2335,2430,2335,2385,30247,72340705,1.27,44101936530,6154420.0,,20250103
304840,3045,3170,3045,3145,110037,342656165,2.28,66326364280,33225120.0,,20250103
087600,6380,6440,6270,6400,5778,37012000,-0.31,52265971200,-531960.0,,20250103
291810,1795,1850,1791,1838,23473,42318058,4.67,20875474656,1126977.0,,20250103
378340,13160,13730,13140,13580,193526,2626590830,3.35,289062277560,298846300.0,-41340.0,20250103
161580,20400,20700,19890,20450,747986,15196291910,1.24,467143031000,-1298717570.0,-12945640.0,20250103
347770,1668,1730,1668,1723,11944,20494644,2.32,39382683366,4289887.0,,20250103
163730,8640,9040,8630,9000,170878,1523709890,3.57,84290472000,161711070.0,-22269170.0,20250103
417180,2830,2830,2670,2670,82801,227147455,-5.65,44899278030,-56401765.0,,20250103
446750,2070,2070,2060,2065,1815,3742565,0.24,12451950000,0.0,2270120.0,20250103
448370,2080,2080,2055,2065,360,741615,0.73,11605300000,-8320.0,0.0,20250103
454750,2000,2000,1992,1992,41023,82041733,-0.4,14346384000,-252062.0,80009995.0,20250103
454640,2100,2100,2060,2085,696,1452420,-0.24,11261085000,-6105.0,911240.0,20250103
469880,1970,1970,1950,1970,14703,28808495,-0.2,14390850000,148562.0,-12932020.0,20250103
469900,2000,2015,1994,2010,17924,35983742,0.25,11266050000,158263.0,23331619.0,20250103
475240,2100,2100,2075,2100,6508,13615680,0.0,6720000000,356820.0,4516050.0,20250103
475250,2050,2055,2040,2050,38941,79532025,0.49,7585000000,971710.0,63215480.0,20250103
484130,2000,2005,1999,2000,19767,39535490,0.0,9040000000,1156000.0,25945965.0,20250103
435620,10370,10400,10370,10400,7322,76070740,0.1,44740800000,-456570.0,26000020.0,20250103
299030,19840,21250,19790,19920,84059,1703913720,0.66,159258607200,34119710.0,5328680.0,20250103
067310,9170,9830,9170,9800,584016,5665600110,5.95,649465100200,1123725440.0,-45546820.0,20250103
166090,22950,24500,22800,24200,120739,2905206750,6.14,478619710800,727629000.0,420125550.0,20250103
136480,2825,2845,2800,2835,372317,1053308080,1.07,301104505170,426928335.0,14175.0,20250103
003380,5440,5520,5420,5470,107710,590421200,0.55,612670746870,-136140390.0,-136940770.0,20250103
450330,6920,7130,6830,6900,56813,392647130,-1.29,54068462100,49644130.0,-245227360.0,20250103
101670,1808,1944,1805,1869,1121933,2102915185,2.41,101243673930,-179925556.0,,20250103
365590,690,690,647,679,57273,38639329,2.88,98079722811,-4168953.0,912825.0,20250103
149980,6430,6630,6430,6560,59064,387117130,2.02,121979021280,35699460.0,125912780.0,20250103
013030,26050,26050,25200,25200,58326,1482858450,-2.89,309845138400,-250613700.0,-244243500.0,20250103
126700,17670,17880,17520,17730,109754,1944045580,0.34,264923645760,-429033450.0,63054500.0,20250103
106080,2560,2580,2405,2470,401966,998050235,-1.4,62084598550,-10978600.0,-183216625.0,20250103
450050,2045,2065,2045,2065,19187,39475985,0.98,10353910000,23715.0,30264300.0,20250103
160190,16830,19850,16520,17490,9573108,176112757100,0.4,540231120000,785049460.0,-1430686090.0,20250103
221840,1503,1503,1440,1464,14147,20691425,-0.34,27377621304,-1449242.0,,20250103
106190,14480,14890,14420,14600,21434,314424350,0.9,155244325800,29262200.0,7900.0,20250103
065650,1207,1244,1200,1224,271034,331819316,0.33,130578438744,48499036.0,,20250103
066130,5460,5570,5410,5530,57861,318387700,0.18,70784000000,14225060.0,2587760.0,20250103
004590,4010,4045,3980,4045,11761,47224405,0.87,60675000000,1180520.0,-736075.0,20250103
039340,6210,6210,5600,5690,128979,741838610,-8.52,130870000000,-408721500.0,-16948160.0,20250103
034950,87900,88200,87400,87800,2305,202598500,0.0,398657129200,-15679000.0,629400.0,20250103
222980,3280,3400,3255,3395,9506,32060715,2.26,37451884785,3350025.0,13580.0,20250103
256840,4150,5000,4145,4450,8513436,39133628295,7.23,302210371350,-3240772915.0,-109076405.0,20250103
219750,0,0,0,967,0,0,0.0,63267797795,,,20250103
025550,4200,4785,4130,4315,5509199,24729483765,4.48,100539500000,240656685.0,0.0,20250103
017890,8390,8440,8340,8380,21143,177606500,0.48,181056268800,3438900.0,159240.0,20250103
080720,0,0,0,2725,0,0,0.0,21562456300,,,20250103
063570,4650,4715,4605,4665,27017,125979710,0.32,159299151120,-25238615.0,11253205.0,20250103
041460,2985,3070,2985,3050,93412,283856975,2.18,57950000000,34614165.0,,20250103
101680,3085,3130,3000,3120,140188,431388300,1.13,26220480000,-34327810.0,,20250103
039740,2510,2585,2460,2495,18329,45566190,-0.6,20005900515,5720720.0,,20250103
053300,4255,4425,4230,4335,268208,1160691540,2.0,183983299935,113627210.0,-210606660.0,20250103
025770,7900,8090,7900,8050,8264,66358280,1.39,301426381550,9103370.0,7323070.0,20250103
458610,2095,2110,2070,2110,11949,25068765,1.2,8925300000,-503055.0,11639125.0,20250103
464440,2070,2085,2070,2080,19811,41098975,0.48,8985600000,-54080.0,27655610.0,20250103
477530,2020,2075,1996,1996,27178,55143058,-1.19,9600760000,-365547.0,-20094562.0,20250103
479880,1995,2005,1995,2000,15915,31812006,0.5,13740000000,-197702.0,24925619.0,20250103
062970,6420,7210,6110,7210,4584623,31321369370,29.91,71151228890,392983960.0,,20250103
023760,546,551,546,549,105500,57908010,0.55,173269657224,1374365.0,-1608103.0,20250103
054040,4920,5250,4915,5240,132886,678170780,6.5,84213559600,30971860.0,,20250103
021650,2255,2315,2230,2295,10878,24708560,1.77,37524542085,-162125.0,,20250103
032300,15730,15950,15510,15900,31755,500146730,1.27,173416545900,-21263260.0,-50.0,20250103
037230,1756,1790,1750,1788,9303,16479682,2.23,53282984676,-247755.0,-3134294.0,20250103
030520,22400,22450,21800,22350,600686,13319265650,0.45,540417278400,-1354148850.0,-123472700.0,20250103
052600,4545,4715,4545,4680,92218,430181570,2.41,54118116000,54437770.0,-25.0,20250103
256150,6030,6090,5940,6090,3387,20422180,1.0,51125550000,1384590.0,,20250103
092460,8250,8420,8000,8210,101412,824142580,-1.56,140470472800,-144945030.0,15330.0,20250103
452190,3265,3350,3225,3260,97159,318147270,-0.15,75510587820,5296855.0,,20250103
047080,1245,1283,1230,1269,52439,65919466,1.85,31499577378,6823822.0,,20250103
452280,6170,6500,6160,6490,112081,719041460,4.34,111216534000,129788910.0,,20250103
066980,1692,1744,1681,1735,145060,250827073,2.54,90107441875,95438998.0,,20250103
114810,6300,6660,6300,6600,89374,586504550,3.94,192146948400,117595710.0,425080.0,20250103
070590,1010,1184,1010,1076,907183,1022564413,6.53,14934364596,4519719.0,,20250103
226440,0,0,0,1530,0,0,0.0,100580954580,,,20250103
042520,9060,9180,8880,9060,7976,71917790,0.0,122548885020,-22916830.0,-2211180.0,20250103
430690,3830,3990,3830,3920,70223,276048910,1.55,42709681840,4619310.0,,20250103
078350,8630,9140,8550,8930,130132,1170263120,5.06,136132331260,35497150.0,288482750.0,20250103
045100,16800,17130,16700,16970,83550,1419535270,2.72,305460000000,-53944020.0,286316010.0,20250103
214870,0,0,0,6920,0,0,0.0,64765809320,,,20250103
320000,2595,2675,2585,2595,93516,245449070,0.0,72570802065,64847725.0,,20250103
091440,7160,7620,6750,7430,308228,2238331130,3.63,108527565530,31508460.0,,20250103
024740,2025,2065,2005,2055,371174,758847865,1.48,67603435695,200452860.0,,20250103
005860,3610,3690,3610,3680,137078,501009910,2.08,145005560800,103377930.0,-3680.0,20250103
007770,11420,11500,11200,11350,8223,93155560,1.79,39838500000,-6957320.0,,20250103
198940,793,793,730,788,214172,164906058,-0.25,30671306664,-3403337.0,,20250103
058450,1998,2085,1998,2020,6347,12797304,1.1,29883114420,2471071.0,,20250103
107640,26100,29600,25750,29100,597251,16963438700,15.48,263324328600,-40405650.0,1196568750.0,20250103
079170,6620,6730,6550,6700,19460,129663110,1.06,34840000000,25518000.0,,20250103
054920,3080,3185,3060,3140,301068,937004515,0.64,88601634340,-69363515.0,,20250103
457370,9200,9440,9110,9340,98382,915074300,2.52,74973431560,243199480.0,8230500.0,20250103
002680,723,730,715,723,17228,12488007,0.0,23365045677,48990.0,,20250103
455310,2030,2030,2020,2020,1527,3092045,0.5,10221200000,-50505.0,1012480.0,20250103
034810,5710,5780,5670,5780,5725,32783410,1.23,188178633460,1235880.0,-1520.0,20250103
03481K,7200,7530,7190,7380,1135,8295010,2.64,10250244360,0.0,0.0,20250103
059270,5860,5930,5630,5900,275203,1595828660,-0.34,65730714100,-63490020.0,,20250103
076610,1040,1054,1011,1020,58005,59591743,-0.29,25962261960,-1270218.0,,20250103
220180,2800,2800,2710,2785,5757,15904860,0.18,54051280000,-1612610.0,,20250103
900270,283,290,281,289,1622394,464002757,2.48,44009595104,150430627.0,,20250103
214180,12300,12400,12180,12180,10393,127425760,-1.14,161472513300,-16846680.0,2546230.0,20250103
234340,14300,14470,14210,14430,16213,232477990,0.84,136406790000,71497350.0,-9690.0,20250103
084990,2705,2885,2690,2830,45239,127049305,4.04,130442615510,13521430.0,-371990.0,20250103
187660,1699,1699,1600,1620,1169685,1899994614,-4.71,69642469980,-11733710.0,-1514442.0,20250103
170030,4945,5000,4945,4975,20616,102644435,0.61,76316500000,1651440.0,,20250103
319400,3510,3515,3435,3475,925669,3213203790,-0.14,409150176550,-331512510.0,418523295.0,20250103
048410,14800,15120,14440,14900,188684,2794478610,3.47,593341959200,287493030.0,-8140150.0,20250103
052260,4460,4530,4420,4460,163372,727110550,-0.56,133800000000,-112125215.0,9284280.0,20250103
016790,0,0,0,994,0,0,0.0,187340898626,,,20250103
041440,8400,8580,8390,8550,388573,3312339860,1.18,153181321200,369818830.0,-50.0,20250103
039010,6200,6370,6150,6370,44802,279012750,2.58,54941250000,44803480.0,,20250103
090850,5140,5290,5130,5270,56208,293026470,2.33,125143322470,-25312790.0,24235070.0,20250103
460930,13720,13920,13500,13560,237531,3234268910,-1.02,479919194760,-575866920.0,1385410.0,20250103
092300,2525,2605,2525,2565,26507,68137225,0.98,47895773040,11068480.0,-232515.0,20250103
138360,639,639,619,627,80781,50553523,0.0,30314351496,-492062.0,0.0,20250103
011080,1020,1223,951,1160,42752156,47602484939,13.84,33771745840,-418363194.0,-5883272.0,20250103
060560,0,0,0,855,0,0,0.0,109157443875,,,20250103
064240,2175,2320,2170,2295,97931,222336565,5.28,80412237540,31392160.0,-2088535.0,20250103
039610,7390,7970,7390,7650,427187,3253979170,2.55,79639560000,557001340.0,-4585900.0,20250103
126640,1280,1305,1261,1289,46030,59342008,2.3,46885940343,-1564989.0,,20250103
127980,5850,6180,5850,6160,7936,48069080,3.18,72938613440,4290950.0,,20250103
061250,1264,1285,1261,1284,143253,182534066,1.66,106411054452,75481442.0,,20250103
097870,7220,7450,7060,7310,376490,2740258940,2.24,62061900000,-140453330.0,,20250103
290270,3225,3295,3190,3265,28486,92218780,0.93,31369049080,23987875.0,-782355.0,20250103
353190,726,742,719,739,104035,75944494,0.0,29100652380,329781.0,,20250103
192410,2025,2060,1951,2050,33547,67079874,2.6,29182836500,11138380.0,,20250103
090710,1757,1762,1670,1688,12363697,20974110028,-3.32,185043902520,-1588239279.0,-25780785.0,20250103
078590,564,600,564,590,678533,397721784,4.61,31984100010,43346499.0,,20250103
205470,1794,1820,1695,1702,4805152,8370298278,-1.85,220196265318,-2721952521.0,-2690373.0,20250103
115160,1239,1276,1230,1271,253781,319752522,2.58,55886027604,23177172.0,,20250103
028080,2545,2650,2430,2530,125521,321386810,0.8,31821090180,-36392675.0,,20250103
175140,4795,4980,4770,4820,76377,372893070,0.63,103703707440,57124870.0,,20250103
200670,41900,42400,39050,40300,530626,21187415850,-5.29,452566179000,1707701700.0,-1543091900.0,20250103
065510,8060,8270,8050,8250,23029,189224930,1.85,100314810750,66263320.0,-53386500.0,20250103
215090,0,0,0,1505,0,0,0.0,149972154360,,,20250103
263920,967,993,967,993,12741,12549311,2.9,48701818062,66529.0,,20250103
243070,27500,27500,26400,26900,28467,762525750,-1.82,322252988500,-239721800.0,35445400.0,20250103
084110,42700,43900,41200,42450,93934,3989692900,1.8,535782335400,159086200.0,-267640150.0,20250103
145020,263500,268000,260500,267000,64399,16991795000,1.71,3365276811000,1627285000.0,-2767235500.0,20250103
024060,13100,13550,12870,13330,316508,4177028560,4.22,199950000000,628002740.0,-13040.0,20250103
010240,5410,5410,5240,5320,55740,296069760,-1.48,65556742720,-4302830.0,-27950.0,20250103
189980,1631,1660,1628,1660,135780,226046840,1.78,66628792820,3395795.0,,20250103
037440,4985,5070,4955,5020,85561,430626135,0.4,69890824500,45506395.0,,20250103
238490,3540,3615,3540,3615,6768,24272440,2.12,40893733140,10543495.0,,20250103
